## Antdroid/Minotauri NFL Roster for 2017-18 Season
## version 1.4 (09-13-2017)
##Changelog
##v1.0 Initial Release
##v1.11 Fixed extra comma bug affecting iOS and players with initials for first name
##v1.20: Randomized Potential based on Age
##v1.30 Fixed Player Salaries; New Coverage Formula; Using PFC-Converter v1.2
##v1.40 Normalizing Salaries to avoid salary cap issues
## http://www.AntDroid.net
######################################################################  RAVENS
Baltimore Ravens,BAL
QB,Elijah Foster,28,2011,91,97,90,91,96,79,3,5
QB,Jacorey Ewing,27,2013,79,83,95,81,86,97,3,5
QB,Mason Wolk,24,2016,76,62,87,84,77,66,1.8,1
RB,Shobi Witt,24,2016,78,75,89,74,88,92,1.4,1
RB,Reggie Geathers,23,2018,88,83,92,89,94,94,2.5,5
RB,Keyon Bean,25,2015,63,65,83,90,80,78,0.8,1
RB,Javorius Allen,27,2015,76,73,85,83,88,81,0.5,1
RB,Alonzo Booth,27,2014,85,86,90,85,88,86,1.1,5
RB,Will TownesWood,23,2017,78,96,82,74,92,90,2.2,2
WR,Evan Zarzecki,25,2016,78,58,86,77,90,73,0.5,2
WR,Zacquon Tyson,25,2015,85,68,78,78,95,83,2,1
WR,Denario Deggs,21,2019,90,51,85,89,91,88,1,5
WR,Kyran Best,24,2016,71,80,84,89,92,83,1.8,1
WR,Heath Brinkman,33,2009,88,88,86,90,76,77,2.2,1
WR,SemaJ Davis,23,2017,87,86,89,92,93,80,3.4,5
WR,Mason Murfee,27,2014,72,73,83,82,90,77,0.9,2
WR,Nick Boyle,25,2015,81,75,89,82,72,66,0.4,1
OL,Morgan Cox,32,2010,69,73,83,64,51,66,0.7,3
OL,Stephen Saunders,23,2018,83,77,91,92,87,83,1,5
OL,Luke Bowanko,27,2014,69,65,82,86,83,74,0.4,1
OL,Lawson Massie,27,2013,77,77,88,90,92,74,1.1,2
OL,Nakiya Smith,24,2016,89,83,93,96,94,87,2.7,5
OL,Valgene Jones,24,2015,80,77,84,87,88,90,1.2,2
OL,James Hurst,27,2014,73,79,81,78,73,73,0.9,2
OL,Zachary Haun,25,2015,82,85,88,87,89,77,2,5
OL,Jorden Ralph,23,2016,83,68,87,86,74,73,0.3,1
K,Andy Riazzi,29,2012,68,70,84,82,84,83,0.4,2
K,Josh McCardell,21,2019,97,79,80,94,94,72,0.5,4
S,Darion Flowers,23,2017,84,88,88,87,85,81,0.9,5
S,Drew Jackson,27,2013,76,84,84,85,84,80,1.5,3
S,Anthony Levine,31,2010,72,77,83,85,86,66,0.9,2
S,Lardarius Webb,33,2009,65,77,87,87,90,63,0.5,2
S,Chuck Clark,23,2017,66,55,89,78,88,70,0.4,2
CB,Jourdan McKay,24,2015,86,85,89,87,91,83,1.1,5
CB,Dax Morse,25,2015,70,70,88,84,92,82,1.8,1
CB,Maurice Canady,24,2016,67,55,86,81,89,79,0.4,1
CB,Tavon Young,24,2016,82,76,89,85,90,71,0.5,1
CB,Jaylen Hill,24,2017,78,57,80,79,84,68,0.3,2
DL,Meiko Dotson,26,2016,82,85,84,94,92,84,0.3,5
DL,Carl Davis,26,2015,73,77,78,88,87,77,0.5,1
DL,Brent Urban,27,2014,80,74,77,79,81,81,0.4,1
DL,Kaigen Rogo,24,2017,95,89,85,96,90,98,3.5,5
DL,Kirk Mauro,24,2018,84,85,89,90,92,86,1.5,5
DL,Sean Shah,24,2016,84,88,84,86,87,86,1.5,1
DL,Chris Wormley,25,2017,69,63,86,83,83,86,0.7,2
DL,Patrick Ricard,24,2017,75,63,82,90,88,82,0.3,2
LB,Juwan Tyus,23,2017,88,77,92,91,94,79,2.1,5
LB,Steven Johnson,30,2012,59,66,85,82,77,77,0.5,2
LB,Jason Simon,25,2015,83,85,89,93,84,86,1.8,1
LB,Za'Darius Smith,26,2015,79,74,87,80,82,76,0.5,2
LB,Matt Judon,26,2016,73,63,83,80,86,76,0.4,1
LB,Jaetavian Clewis,23,2018,85,79,87,89,88,87,1.2,3
LB,Patrick Onwuasor,26,2016,69,71,88,79,80,81,0.3,2
LB,Marcelo Bruce,31,2010,71,64,84,76,80,79,0.5,3
LB,AJ Caldwell,25,2015,67,63,87,79,80,80,1.2,3
END_PLAYERS
######################################################################  BENGALS
Cincinnati Bengals,CIN
QB,Jmar Kravitz,26,2014,84,87,87,86,90,95,2.7,5
QB,Jordie Hruska,26,2014,70,76,92,86,80,53,0.4,2
QB,Micah Taylor, 21, 2019,77,74,80,81,91,90,0.3,1
RB,Breon Jackson,25,2015,64,81,82,82,91,85,0.9,2
RB,Mershawn Miller,23,2016,80,82,89,88,86,83,0.7,1
RB,Emmett Freeman,27,2014,73,71,88,69,77,69,1.4,2
RB,Delfin Roberts,22,2018,79,88,82,87,88,86,0.3,5
RB,Jamahl Blake,22,2017,81,68,91,85,91,87,1.1,5
RB,JohnJordon Slater,21,2019,76,84,86,76,89,85,0.5,4
WR,Tyce Ross,23,2017,78,82,74,89,96,89,2,5
WR,Jalik Jaggwe,26,2014,67,84,89,88,96,80,1.7,1
WR,Noah Harper,28,2013,64,88,85,89,84,78,0.9,2
WR,Efren Betz,26,2015,74,69,79,81,81,74,0.5,1
WR,Tupac Jegen,27,2012,78,76,85,80,92,87,0.8,2
WR,Cody Core,24,2016,81,64,85,80,90,73,0.4,2
WR,JeMarc Morris,23,2018,88,84,86,88,90,86,0.5,5
WR,Sonnie Richardson,23,2017,75,71,86,83,98,77,1.1,2
WR,Makyle Flutie,26,2016,64,50,86,80,88,74,0.3,1
OL,Steve Dalumo,25,2016,83,85,86,95,85,89,1.9,5
OL,Kasper Schmidt,29,2011,73,78,92,87,74,82,1.4,5
OL,Will Moody,22,2019,88,78,88,90,86,93,1.4,5
OL,Ross Hobbs,22,2019,85,64,84,90,82,84,1,4
OL,Finn Ball,26,2014,86,82,89,93,77,84,0.5,2
OL,Shayne Judd,26,2015,76,76,77,82,73,73,1.1,1
OL,Marteese Edenden,25,2015,80,77,83,83,73,73,0.8,1
OL,Trey Hopkins,26,2014,76,69,83,87,73,72,0.3,1
OL,Jon Bacote,23,2018,83,82,87,88,94,79,0.4,2
OL,Alex Redmond,23,2016,71,54,78,86,72,71,0.3,1
K,Marc Roland,28,2012,63,57,83,88,75,57,0.9,2
K,Michael Maietti,24,2016,85,85,77,88,94,62,0.5,5
S,Reis Katzenberger,21,2019,90,91,68,92,90,86,1.3,5
S,Jai Erwin,24,2016,82,76,90,85,90,81,1.7,1
S,Jacob Koslowski,26,2014,80,82,83,85,85,85,1.2,1
S,Clayton Fejedelem,25,2016,77,64,91,81,87,70,0.4,2
CB,Joshua Smith,25,2015,61,79,87,87,87,68,0.8,1
CB,Tyshawn Davies,26,2014,74,81,85,86,88,64,2.1,4
CB,Keyshon Tate,27,2014,81,75,89,85,92,82,0.8,1
CB,Josh Shaw,26,2015,77,65,80,82,90,79,0.5,1
CB,J’Bril McKinney,26,2016,71,65,86,85,92,61,1.2,2
CB,Tahriq Beckford,22,2019,97,83,84,94,94,92,2.5,5
DL,George Marfo,26,2014,89,84,82,79,84,89,1.9,5
DL,Niadre Zouzoua,22,2017,96,81,90,92,91,94,2.2,5
DL,Michael Johnson,31,2009,67,76,83,73,80,88,1.7,1
DL,Pat Sims,33,2008,65,76,84,89,88,79,0.7,1
DL,Chris Smith,26,2014,64,52,84,85,85,86,0.4,2
DL,Jamar Delacruz,26,2013,65,57,83,91,87,80,0.5,2
DL,Ryan Makaric,25,2017,73,68,83,88,87,76,0.5,2
DL,Casim Ellington,28,2011,74,63,91,85,87,89,0.5,5
LB,Kevin Minter,28,2013,84,86,86,84,84,82,0.8,1
LB,Vincent Rey,31,2010,69,81,89,90,84,80,1.1,1
LB,Kamren MacCorkle,26,2014,91,90,95,96,85,93,2.3,5
LB,Fazio Saunders,25,2016,67,63,89,87,80,77,0.5,2
LB,Shane Andrus,23,2017,82,70,81,80,87,76,0.5,2
LB,Tre Colten,24,2017,66,53,88,86,82,74,0.3,2
LB,Chris Bournes,26,2014,78,59,88,77,79,81,0.4,3
END_PLAYERS
######################################################################  BROWNS
Cleveland Browns,CLE
QB,Malik Neal,24,2016,80,86,89,83,88,91,0.5,1
QB,Kevin Hogan,26,2016,68,73,93,86,77,69,0.3,1
QB,Kyle Ghetes,23,2017,97,91,86,95,92,78,3.5,5
RB,Shaka Vantrease,24,2018,86,79,84,94,80,78,0.4,3
RB,Jamauri Wakefield,26,2014,71,78,87,74,84,86,0.8,3
RB,TreKell Hazelwonder,23,2016,72,61,88,73,85,78,0.3,1
RB,Xavier Reddick,25,2015,77,80,83,90,80,85,0.5,1
RB,D’lon Marble,25,2014,78,78,87,87,89,85,1,3
RB,Corvon’Tra Saunders,22,2019,90,76,70,87,93,88,1.4,5
WR,Zeandae Ferrigan,27,2012,73,79,89,85,86,83,0.8,3
WR,Kiser Floyd,24,2016,72,76,87,83,93,78,0.7,2
WR,Freddie Pinder,24,2016,71,63,89,82,85,73,0.4,1
WR,Travis Kinsley,22,2019,85,62,70,91,87,82,0.5,4
WR,Shea Fitzpatrick,21,2019,87,64,88,77,91,81,1,4
WR,Javion Jones,24,2016,76,70,88,81,91,74,0.5,1
WR,Jomo Mauck,24,2016,87,77,86,92,83,78,0.5,5
WR,Ryan Reddick,24,2016,76,65,86,82,85,79,2.2,1
OL,Stone Labanowitz,25,2015,64,78,97,93,86,85,1.9,5
OL,JC Tretter,27,2013,76,78,86,89,74,74,0.4,2
OL,Skyler Springs,25,2017,78,62,81,90,81,74,0.5,3
OL,Bret Cullen,28,2014,74,75,90,83,79,76,0.4,2
OL,Joshuwa Ito,23,2018,85,84,83,93,90,81,0.5,5
OL,Austin Reiter,27,2015,62,56,85,77,79,72,0.3,2
OL,Brayan Clarke,27,2014,80,86,91,86,77,89,1.2,5
OL,Jess Damron,26,2014,74,84,92,91,75,81,1.5,4
OL,Charley Hughlett,28,2014,77,65,82,75,70,67,0.5,5
OL,Marcus Martin,25,2014,76,77,84,82,73,72,1.1,2
K,Zach Federocko,24,2016,77,92,82,93,90,61,1,5
K,Drake Pace,23,2017,75,51,79,96,78,51,0.4,2
S,Derron Smith,26,2015,77,65,82,80,85,54,0.4,1
S,Kai Thompson,23,2017,70,53,88,82,88,66,0.3,2
S,Dre Matthews,23,2017,84,78,89,84,90,79,2.4,5
S,Dillon Barnes,26,2016,76,79,89,85,89,77,0.5,1
CB,Denny Palma,30,2011,73,75,89,86,92,70,0.9,2
CB,Taiyir Beal,31,2009,70,85,82,88,92,84,1.2,5
CB,Chi Boudreau,29,2012,71,83,85,87,90,68,0.3,1
CB,Tirise Applewhite,22,2018,97,87,82,96,97,77,0.3,5
CB,Michael Jordan,26,2016,73,60,84,81,85,66,0.3,1
CB,Howard Wilson,23,2017,64,57,86,80,87,74,0.5,3
DL,Emmanuel Ogbah,25,2016,79,65,88,77,82,88,1.4,2
DL, Kulon Nassib,25,2016,73,66,86,75,76,83,0.7,2
DL,TY McGill,26,2015,79,68,87,85,85,81,0.8,2
DL,Ladarious Banks,25,2015,84,69,88,76,73,81,0.9,1
DL,Orion Brookes,24,2016,83,84,85,95,95,79,1.8,5
DL,Billy Hanselman,21,2019,95,77,90,91,91,98,2.3,5
DL,Leandre Rucks,26,2014,83,76,84,96,90,89,1.5,5
DL,Caleb Brantley,23,2017,76,56,84,89,88,80,0.4,2
DL,Joey Gill,30,2010,70,70,87,88,86,84,0.7,3
DL,Trevon Coley,24,2016,72,65,84,85,86,87,0.3,1
LB,Markenzy Primous,23,2018,85,84,85,88,88,81,0.3,5
LB,Josh Keyes,25,2015,65,52,87,73,77,75,0.3,2
LB,Ellis Bridges,29,2013,71,79,90,87,83,86,1.2,3
LB,Tank Carder,30,2012,59,64,90,83,77,79,0.8,1
LB,Taran Lambert,26,2014,86,84,85,92,87,86,1.3,5
LB,Jadyn Jensen,23,2017,95,83,90,84,85,95,0.5,5
END_PLAYERS
######################################################################  STEELERS
Pittsburgh Steelers,PIT
QB,Dayton Baker,22,2018,94,86,89,88,95,97,3,5
QB,Joel Daul,23,2017,77,87,87,86,88,80,1,2
RB,Judah Bell,23,2018,98,88,79,98,94,90,2.5,5
RB,Deaumonjae Banks,25,2015,72,67,86,88,73,80,0.3,1
RB,Tavon Barkley,24,2016,86,79,88,90,90,87,0.4,1
RB,Kuzy Cook,21,2019,96,90,87,80,97,98,1.7,4
RB,Demian Stevens,21,2019,78,72,85,82,89,88,0.3,1
WR,Javia Malcomb,31,2009,73,81,86,79,91,81,0.8,1
WR,Kwanzaa Fleming,24,2016,69,69,83,81,83,73,1,1
WR,Kobay White,26,2012,84,93,90,98,96,88,3,5
WR,Herschell Boothe,31,2011,81,97,77,96,90,83,2,2
WR,Dax Cavin,23,2017,75,79,85,84,83,68,0.4,1
WR,Alaric Jackson,26,2015,79,78,85,88,93,79,0.3,2
WR,Marc Rogers,22,2019,78,87,82,92,84,75,0.5,4
WR,Tre Neal,22,2017,96,73,92,91,93,86,1.2,5
WR,Copache James,22,2019,98,90,90,97,98,91,2,5
OL,Shawn Diggs,22,2017,88,87,94,91,90,86,2,5
OL,Pailake Aiono,27,2012,86,91,85,91,83,87,2.8,5
OL,Ryan Lofton,30,2010,73,84,86,89,77,87,1.5,1
OL,Talolo Taylor,25,2015,92,87,92,92,96,84,2.2,5
OL,Jayme Shields,23,2018,79,84,84,92,86,94,1.1,3
OL,Alvin Khalil,27,2015,72,70,88,84,75,83,0.3,2
OL,Jack Corso,21,2019,91,87,81,90,95,87,1.5,4
OL,Silas Blakeman,26,2014,68,52,85,94,79,72,0.3,2
OL,Roman Barkley,23,2018,75,88,89,90,88,84,0.5,3
K,Aaron Green,29,2010,66,83,80,92,91,68,1,3
K,Hai Burleson,28,2009,66,64,80,91,83,64,0.3,2
K,Josh Chiesa,22,2018,88,90,87,89,98,60,0.3,3
S,Jordan Fieulleteau,22,2017,77,78,91,84,87,77,1,2
S,Allenzae Slaven,27,2013,79,75,86,84,88,78,1,1
S,Deshazor Everett,26,2015,72,68,85,83,87,62,0.3,1
S,Tariq Taul,23,2017,87,90,91,86,86,95,1.5,5
S,Delano Hill,23,2017,80,62,88,78,86,76,0.5,2
CB,Teillo Holt,23,2016,88,80,85,93,90,76,1.8,5
CB,Kavious Higgins,33,2007,73,86,90,86,88,84,1.9,1
CB,Kholbe Haynes,30,2012,70,70,87,86,90,47,0.9,1
CB,Drake Mayfield,23,2016,83,81,84,87,91,67,2.2,2
CB,Jaiden Woodson,22,2018,98,86,96,96,95,77,2,5
CB,Jauan Combes,25,2017,61,51,86,80,91,58,0.4,2
CB,Jaylyin Causey,23,2017,79,62,87,81,88,67,0.5,3
DL,Skai Blankenship,25,2014,97,90,89,93,90,88,2.3,5
DL,Uche Jackson,23,2018,95,88,86,96,97,87,2,5
DL,Carlos Northington,22,2019,81,84,80,93,87,83,1,4
DL,Ja’Deion Pinckney,24,2018,87,79,84,92,86,93,1,3
DL,Shamar Berango,21,2019,99,80,83,98,94,96,1.4,5
DL,Tope Poe,23,2017,84,77,88,93,85,86,0.5,2
LB,Adam Tagovailo,27,2013,98,91,85,88,89,92,3.4,4
LB,Dante Linkous,29,2011,87,93,90,91,95,76,2,2
LB,Morgan Shinsky,28,2012,69,65,86,84,82,78,0.3,2
LB,Bradley Jack,22,2017,98,85,84,86,88,96,2,5
LB,Da’Vaun Taylor,22,2019,74,77,89,86,81,79,0.5,4
LB,Tim Bonney,23,2018,87,83,92,89,88,87,1.1,3
LB,Donta Hall,23,2018,87,83,91,90,84,93,0.4,3
LB,Jake Ryan,26,2015,74,78,84,85,84,80,0.5,1
LB,Jakobi Braithwaite,23,2017,71,51,88,76,83,76,0.4,2
END_PLAYERS
######################################################################  BILLS
Buffalo Bills,BUF
QB,Jaden Epps,26,2014,81,84,89,83,89,95,3.2,1
QB,Tylon Webb,32,2010,61,68,83,89,68,83,0.5,1
QB,Shaq Fulton,32,2007,76,77,90,93,78,76,1.4,3
RB,Isaiah Mack,29,2011,69,81,90,73,74,73,1.5,3
RB,Deion Harris,22,2019,93,82,88,93,90,87,1.5,4
RB,JoEl Shaw,23,2017,91,88,85,86,93,92,3.4,5
RB,Joey Bryant,29,2012,69,68,85,76,87,83,0.5,2
RB,Rufus Rouse,22,2019,81,71,80,95,80,78,1,4
WR,James Edwards,25,2015,79,88,88,84,79,66,1.3,3
WR,Travanis Hurley,23,2017,82,88,86,89,86,81,2,5
WR,Bazey Bates,23,2017,82,86,91,82,90,80,1.5,3
WR,Bradyn Harper,27,2014,68,58,89,73,84,78,0.5,1
WR,Griffin Galindo,21,2019,78,76,82,93,82,77,0.5,4
WR,TJ McGinnis,29,2011,77,83,92,87,83,80,1.7,2
WR,Jevon Foster,26,2014,75,74,93,88,90,81,1.5,3
WR,Antonyo Kway,23,2018,89,84,86,93,86,87,1.2,5
WR,Jeremy Butler,27,2014,62,57,86,79,86,73,0.4,1
OL,Reid Ferguson,24,2016,73,50,87,50,46,75,0.3,1
OL,Ryan Groy,28,2014,78,73,83,86,77,76,0.5,1
OL,Zakari Garrett,25,2015,83,78,87,92,74,76,0.7,2
OL,Chris Farley,25,2015,87,90,92,94,86,86,1.8,5
OL,Eric Wood,32,2009,82,88,87,88,75,72,0.5,2
OL,Jordan Mills,28,2013,68,76,86,84,72,75,1.3,1
OL,Udonavan Kaidy,24,2016,90,89,86,93,82,90,3,1
OL,Seantrel Henderson,26,2014,77,75,75,83,77,69,0.5,2
OL,Jumon Grinstead,27,2013,90,82,84,86,73,82,0.5,5
OL,Taran Lambert,27,2012,82,68,89,90,78,73,0.8,5
OL,Conor McDermott,26,2017,69,59,86,84,74,75,0.4,2
K,Austin Parece,24,2018,96,88,92,92,97,51,1,5
K,Drew Levin,24,2016,89,85,81,92,88,59,1.4,1
S,Trae Elston,24,2016,67,50,83,77,89,72,0.3,1
S,Jordan Poyer,27,2013,86,86,85,85,87,56,0.5,3
S,Kailien Thomas,27,2013,66,63,86,84,90,70,0.5,2
S,Colt Anderson,33,2009,61,71,87,80,85,66,0.5,2
S,Ry Scott,24,2016,88,83,86,86,88,87,1.5,5
CB,Lafayette Pitts,26,2016,74,58,87,80,90,62,0.3,2
CB,Thierno Saw,25,2016,88,87,87,91,87,90,2.5,5
CB,Leonard Johnson,28,2012,74,70,88,83,86,70,0.5,2
CB,Bodhi Jump,26,2014,81,83,86,85,92,75,1.8,5
CB,Jamal Covington,24,2017,90,83,89,94,94,81,2.3,5
DL,Darrius Moragne,25,2016,60,87,85,90,92,81,1.3,1
DL,Sione Fua,24,2018,88,83,91,94,93,88,2.2,5
DL,Wilfredo Durant,30,2011,63,72,82,88,89,81,1.3,2
DL,Jerel Worthy,28,2012,71,68,83,82,86,82,0.4,2
DL,Ryan Davis,29,2012,59,66,83,74,75,83,0.7,1
DL,Jadiel Pope,27,2014,74,65,78,82,83,86,0.3,3
DL,Malachi McKee,24,2016,70,70,83,85,88,88,1.4,2
DL,Cam McClain,23,2018,97,77,84,95,92,90,1.8,5
LB,Jay Lugo,21,2019,91,66,84,90,92,84,1.4,4
LB,Jamond Glass,25,2015,84,85,87,84,86,88,2.1,5
LB,Ramon Humber,31,2009,67,74,82,82,76,78,0.5,1
LB,Logan Bailey,24,2017,83,82,93,93,84,87,2,5
LB,Demarco Carnahan,24,2017,78,58,91,83,83,75,0.4,2
LB,Deon Lacey,28,2013,69,63,84,75,77,77,0.4,1
LB,Tanner Vallejo,24,2017,72,55,83,84,82,75,0.4,2
END_PLAYERS
######################################################################  DOLPHINS
Miami Dolphins,MIA
QB,Truman Luke,28,2012,79,75,80,95,77,50,1.5,2
QB,Cam Martin,27,2013,85,84,94,93,87,94,3.5,5
QB,Matthew Tatum,22,2019,93,95,90,90,92,76,1,4
RB,Covey Nevins,22,2018,75,78,91,82,92,84,1.3,3
RB,Kai Mikee,29,2013,66,70,85,74,81,78,0.7,1
RB,Joshawa West,27,2014,78,77,84,88,89,83,0.4,1
RB,Elijah Hood,32,2008,69,83,85,82,90,83,1.1,1
RB,Markus Ferrell,26,2014,76,74,82,83,89,84,0.5,2
RB,Jhye Moorhouse,22,2018,87,82,84,84,95,91,0.3,5
RB,Junior Gaitan,22,2019,93,88,87,94,92,91,1.5,5
WR,Shaun McGhin,23,2018,84,76,88,90,90,76,1.4,3
WR,Darren Wahl,30,2011,80,87,83,93,81,81,1.7,1
WR,Rocco Zielinski,30,2010,84,85,88,92,84,83,2.8,5
WR,Zchon Bullitt,24,2016,89,85,91,90,98,88,2.5,5
WR,Casey Kowalewski,28,2012,90,90,87,89,91,84,1.5,1
WR,Sion Collins,28,2012,74,81,87,90,85,75,0.5,2
WR,Brody Esmann,27,2013,68,81,84,87,90,83,0.4,2
WR,Rick Damico,22,2019,91,76,82,95,86,83,1.5,4
OL,Ted Larsen,31,2010,80,72,88,79,80,73,0.4,2
OL,Foster Frierson,26,2014,86,81,80,88,74,74,2,5
OL,Sam Young,31,2010,80,72,84,83,81,75,0.5,2
OL,Jermon Bushrod,34,2007,72,81,91,87,72,72,0.5,2
OL,Ja'Wuan James,26,2014,84,84,86,84,73,80,0.8,1
OL,Jesse Davis,27,2015,69,59,88,84,74,72,0.3,1
OL,Koda Martin,25,2015,87,83,91,88,88,89,2,5
OL,Jake Brendel,26,2016,66,50,90,80,74,75,0.3,1
OL,Cam Fleming,28,2011,98,88,92,96,90,96,2.5,5
OL,Carson Carder,27,2015,64,54,85,86,79,73,0.3,2
K,Scott Ruth,29,2010,77,85,86,93,83,68,0.4,2
K,Matteo Powell,26,2014,65,54,80,96,77,54,0.3,2
S,Vequain Newton,28,2012,86,93,84,89,86,84,2.9,5
S,Michael Thomas,28,2012,78,75,87,84,86,67,1.1,2
S,Jordan Lucas,25,2016,64,48,85,79,91,68,0.4,1
S,Maurice Smith,23,2017,77,56,84,76,85,64,0.3,2
CB,Oniel Marks,21,2019,78,77,85,85,94,66,0.5,4
CB,Kailo Moore,25,2014,97,87,86,94,96,84,2.5,5
CB,Walt Aikens,27,2014,69,65,87,82,89,68,0.5,2
CB,Bobby McCain,25,2015,85,78,86,86,89,66,0.4,1
CB,Kalvin Townsend,25,2016,82,78,90,88,93,72,1.3,1
CB,Kamron Johnson,25,2017,77,72,92,83,92,79,1.5,5
DL,Markiece Gross,28,2012,72,77,88,92,85,88,1.1,1
DL,Thanh Baron,31,2010,86,95,95,98,96,93,3.5,2
DL,Calvin Nguyen,24,2016,76,85,88,85,91,88,2,5
DL,Andre Branch,29,2012,73,77,79,71,75,84,2.5,2
DL,Terrence Fede,27,2014,69,57,86,76,80,85,0.3,2
DL,Recoh Hannah,24,2016,85,76,74,89,91,79,1.9,1
DL,Charles Harris,23,2017,74,68,85,76,79,88,0.5,2
DL,Vincent Taylor,24,2017,69,63,87,84,82,77,0.4,2
DL,Alex Andrassy,23,2018,84,87,85,89,87,91,0.4,3
LB,Tomon Fox,26,2012,84,73,92,89,87,83,1.5,5
LB,Cornelius White,28,2013,82,84,85,90,85,91,2.4,5
LB,Benito Crews,31,2008,84,94,90,96,84,87,2.2,5
LB,Stephone Anthony,26,2015,75,69,83,84,83,82,0.7,1
LB,Mike Hull,27,2015,73,69,88,83,87,79,0.4,1
LB,Chase Allen,25,2017,70,65,88,83,82,79,0.3,2
END_PLAYERS
######################################################################  PATRIOTS
New England Patriots,NE
QB,Mikili Brittenour,25,2015,70,77,82,90,78,47,0.8,1
QB,Josh Cobb,31,2010,89,99,98,95,98,53,3,5
RB,Jordon Moses,26,2014,71,78,83,82,89,83,0.5,3
RB,Zamari House,28,2013,77,79,90,85,84,84,1.5,2
RB,Kameron Hill,23,2017,90,81,87,86,94,91,1.9,5
RB,Brandon Bolden,28,2012,72,71,86,80,88,80,0.5,2
RB,James Develin,30,2010,75,84,87,69,70,65,0.8,1
RB,Usher Pearson,24,2016,83,83,80,81,91,85,1,5
WR,Jacob Hollister,25,2017,71,58,88,78,84,78,0.3,2
WR,Chris Gilmore,21,2019,84,72,78,93,83,78,0.5,4
WR,Antwan Johnson,23,2017,99,87,88,93,99,83,3.5,5
WR,Dwayne Allen,28,2012,85,82,85,84,76,70,0.5,2
WR,Kylan Robinson,23,2017,79,90,85,93,88,79,0.4,1
WR,Matthew Slater,33,2008,70,81,86,74,87,75,1.3,1
WR,Ryan Boehm,24,2016,97,90,85,96,83,80,2.5,5
WR,Kris Edge,31,2008,85,94,87,96,79,75,1.4,2
WR,Kahmaree Williams,23,2017,92,86,89,92,94,87,2.9,5
WR,Jadon Gallacher,27,2013,71,85,87,89,84,80,1.7,1
OL,Cole Croston,25,2017,69,53,85,82,78,72,0.3,2
OL,Joe Thuney,26,2016,83,83,90,86,74,78,0.5,1
OL,Wyatt Burnette,26,2015,80,88,88,86,85,73,1.7,3
OL,Morgan Sudduth,24,2016,83,79,90,86,80,75,0.4,5
OL,Sam Thorne,25,2015,84,86,85,87,92,75,0.5,2
OL,Joe Cardona,26,2015,61,48,86,82,46,67,0.4,1
OL,Thair Fleming,26,2014,78,72,84,85,74,79,1.1,2
OL,Kurt Leonard,22,2019,81,72,83,93,79,75,1,4
OL,Kain Sua,24,2016,88,87,79,92,85,93,1.7,1
OL,Wes Russo,30,2010,73,88,87,90,74,73,1.8,3
K,Nyle Grove,28,2013,74,59,84,91,80,59,0.5,1
K,Sam Arnold,22,2017,93,90,81,90,92,59,1.5,5
S,Jordan Richards,25,2015,76,59,90,81,86,73,0.7,1
S,Nate Ebner,30,2012,64,62,95,80,87,74,0.7,2
S,Zeivaun Kirksey,22,2019,97,88,94,93,94,94,2.1,5
S,Duron Harmon,27,2013,81,79,87,85,88,64,1.3,3
S,Brandon King,25,2015,74,61,83,81,89,54,0.4,1
CB,Jahsen Jack,22,2018,89,86,85,92,93,78,1,5
CB,Truett Moss,24,2017,88,90,85,90,89,81,1.3,5
CB,Michael Jackson Jr,27,2013,77,64,89,85,90,77,1.9,2
CB,Orion Whitehead,23,2016,80,81,89,88,92,69,1.9,1
CB,Micah Raiford,23,2018,81,78,78,87,95,68,0.3,3
DL,EK Faauli,24,2017,78,77,81,94,90,83,1.1,2
DL,Lawrence Guy,28,2011,80,81,88,84,86,81,0.5,3
DL,Kaezon Brightwell,23,2018,89,73,79,86,83,91,0.5,3
DL,Rev Smith,25,2014,83,83,84,92,91,82,2.5,5
DL,Stephon Zayas,23,2018,94,87,89,90,90,95,1.5,5
DL,Scotty Palo,25,2015,85,83,89,92,87,94,2,3
DL,Daesean Bradley,24,2015,86,82,82,85,87,81,1.7,1
DL,Maurice Hale,32,2008,61,69,81,85,86,83,0.5,3
LB,Malik Scates,30,2010,67,76,92,87,85,76,1.9,1
LB,Shea McClellin,29,2012,64,78,84,82,77,78,0.3,1
LB,Mikko Sencenbaugh,25,2014,94,90,91,94,90,88,2.8,5
LB,Kyle Van Noy,27,2014,78,74,84,83,79,81,1.1,2
LB,Marquis Flowers,26,2014,64,63,84,71,76,81,0.4,1
LB,Ben Roos,22,2019,94,74,86,89,90,93,1.4,4
LB,Davion McMillon,24,2016,88,75,86,86,87,79,1.9,5
END_PLAYERS
######################################################################  JETS
New York Jets,NYJ
QB,Josh Kuykendall,27,2011,74,83,83,83,86,70,3.5,5
QB,Keiron Rohrschneider,23,2018,98,86,84,94,94,81,3.5,5
QB,Corey Kublanow,26,2014,66,84,83,85,79,50,1.4,1
RB,Jasen Johnson,24,2016,94,87,83,81,95,95,1.5,5
RB,Calvon Griggs,28,2013,78,84,85,94,80,84,1.8,1
RB,Ryan Obee,28,2012,75,79,89,88,87,84,3,1
RB,Keidrien Mays,23,2018,78,73,87,89,87,82,0.9,3
RB,Shai McKenzie,28,2013,70,65,85,89,73,63,0.3,1
RB,Donteea Hanes,27,2013,77,83,87,86,92,91,2.4,5
WR,Jordin Robey,23,2018,83,76,81,91,94,97,1.5,5
WR,Toneil Carter,23,2018,67,81,86,87,83,76,0.5,3
WR,Desean Gill,22,2018,83,82,85,91,90,82,1.3,5
WR,Daronte Bolden,25,2015,76,78,89,86,86,80,0.5,5
WR,Tion Green,32,2008,78,86,92,88,93,82,2.8,1
WR,Jamarico Conrad,26,2014,76,71,81,87,87,73,1.1,1
WR,Trivelle Clark,25,2016,66,65,85,75,85,79,0.4,1
WR,Alden Jaeger,29,2011,73,76,82,87,80,74,0.3,1
WR,Oakley Youngblood,23,2017,86,74,86,86,86,83,0.5,2
OL,Brandon Shell,26,2016,79,70,90,82,73,73,0.4,1
OL,Kyle Falkenhayn,27,2014,80,74,86,87,84,80,1.5,5
OL,Wesley Johnson,27,2014,75,77,90,83,73,71,1.5,2
OL,Blu Robbins,24,2016,77,64,85,92,88,76,1.7,5
OL,Dylan Guest,29,2011,87,88,87,91,84,93,3.4,5
OL,Brian Winters,27,2013,74,84,87,84,73,74,1.3,3
OL,Chase Zeegers,25,2015,72,82,86,84,74,78,0.7,2
OL,Kealand Thurley,24,2016,79,71,87,89,85,78,0.4,1
OL,Thomas Hennessy,24,2017,66,57,83,64,46,69,0.3,2
K,Hayden Shuman,26,2016,60,54,80,91,75,54,0.4,2
K,Kris Devito,30,2011,74,87,82,92,87,64,1.5,2
S,Marcus Maye,25,2017,76,68,86,82,90,77,1.4,3
S,Terrence Brooks,26,2014,73,69,83,84,91,62,0.4,2
S,Terrod Thompson,22,2019,89,86,87,91,85,94,1,5
S,Samari Day,21,2019,76,74,89,81,86,80,0.3,1
CB,Zion Leavitt,29,2010,71,80,93,90,89,68,2.5,5
CB,Austin Armour,28,2012,72,74,82,86,90,61,1.2,1
CB,Maxie Johnson,29,2012,70,63,90,82,88,74,0.5,2
CB,Rashard Robinson,23,2016,74,76,90,86,93,55,0.5,1
CB,Tru Mills,23,2018,77,77,79,90,92,72,0.4,3
CB,Jacione Holloway,27,2014,78,83,86,82,90,74,1.3,5
CB,Derrick Jones,24,2017,71,50,85,79,90,62,0.4,2
DL,Donavin Black,23,2017,87,77,88,86,91,82,2.5,1
DL,Gore Lako,26,2014,89,84,92,94,97,88,2.1,5
DL,David Bass,28,2013,78,67,86,75,74,82,0.5,2
DL,Jules Bradbury,33,2007,67,63,80,88,85,74,0.4,1
DL,Kony Ealy,27,2014,84,78,85,81,82,88,0.5,2
DL,Mike Pennel,27,2014,70,67,83,87,85,77,0.5,1
DL,Obum Gwacham,28,2015,66,58,81,74,74,84,0.4,1
DL,Va’a Niamatalolo,26,2013,89,84,82,94,93,89,3,3
DL,Xavier Cooper,28,2015,69,67,87,83,81,82,0.5,2
LB,Ed Duplessis,25,2015,79,79,77,87,90,83,0.5,5
LB,Josh Martin,27,2013,70,62,84,76,80,75,1.3,1
LB,Lorenzo Mauldin,27,2015,67,69,84,79,81,77,0.5,1
LB,JC Hutcherson,26,2014,77,79,81,82,89,78,0.5,2
LB,Freddie Bishop,28,2013,69,54,89,77,83,74,0.3,2
LB,Zario Wright,22,2019,83,75,85,81,80,87,0.3,1
END_PLAYERS
######################################################################  TEXANS
Houston Texans,HOU
QB,Jace Ryan,25,2015,93,86,91,98,87,78,3.5,5
QB,Carter Voit,28,2014,66,66,87,93,74,55,0.4,1
QB,Keiron Holloway,32,2008,67,62,86,87,72,66,0.5,2
RB,Jevon Crosby,24,2016,74,78,87,84,90,85,0.5,1
RB,Ryann Hill,25,2015,86,86,80,91,82,79,0.4,5
RB,Deshawn Quinn,28,2012,72,75,92,72,81,67,0.4,2
RB,James Tyler-Jones,23,2017,89,83,85,98,92,78,4,5
RB,Temi Watts,23,2018,75,81,91,92,74,83,5.1,3
RB,Tevaul Janes,22,2019,79,80,82,93,81,78,1,4
WR,Tiger Bech,21,2019,96,77,86,98,87,89,1.8,4
WR,Krys Kauhi,26,2013,91,93,93,93,92,81,2.4,5
WR,Beckham Burgess,24,2016,75,80,91,85,81,67,1.7,2
WR,Ta’Riq Abbott,26,2014,91,77,89,94,91,85,1.4,5
WR,Jalon Ferguson,27,2013,78,80,85,79,92,79,1.4,2
WR,JJ Koski,29,2012,85,83,85,92,82,83,1.5,5
WR,Ryan Izzo,28,2013,71,55,85,75,84,71,0.3,1
OL,Damian Dulka,23,2018,93,84,85,95,84,95,0.5,5
OL,Harlan Smalls,30,2011,76,77,80,88,87,85,1.1,2
OL,Joe Pete,22,2017,95,84,84,94,85,93,2.2,5
OL,Jakob Mueller,27,2014,75,72,87,84,86,70,1.1,2
OL,Max Hanneken,25,2015,77,74,81,87,73,72,1.5,2
OL,David Baumer,26,2015,82,68,88,87,72,77,0.3,2
OL,Dallen Yarbrough,22,2019,77,69,88,80,86,78,0.5,4
OL,Calvin Dykstra,23,2018,79,77,88,90,89,78,1.2,3
OL,Julie'n Davenport,23,2017,79,63,86,85,77,77,0.5,2
OL,Kyle Fuller,24,2017,84,65,88,81,74,74,0.4,2
OL,Nick Martin,25,2016,76,78,86,85,75,76,1,1
K,Kevin Moe,24,2016,61,48,80,88,87,48,0.3,1
K,Kristjan Voss,26,2013,87,79,81,96,82,61,1.5,5
S,Kurtis Drummond,26,2015,74,66,86,82,85,54,0.3,1
S,Andre Hall,26,2014,78,82,86,87,92,58,0.5,2
S,Keanu Hill,26,2013,97,89,89,88,88,93,3,5
S,Eddie Pleasant,30,2012,71,75,91,81,87,73,0.5,1
S,Corey Moore,25,2015,87,79,88,82,87,63,0.3,2
CB,Kisean Lane,23,2018,85,86,84,90,92,84,0.4,5
CB,Cornelius Bradley,26,2015,79,78,86,88,88,74,1.3,1
CB,Colby Vadis,22,2019,87,88,88,90,84,83,1.4,4
CB,Deon Daily,30,2010,65,79,83,83,89,72,0.4,1
CB,Reed Gatlin,29,2011,74,87,84,89,89,68,2.2,2
DL,Christian Covington,26,2015,77,73,77,78,80,80,0.4,2
DL,Julius Hill,31,2009,76,56,87,86,94,83,0.5,3
DL,Bear Cano,26,2013,90,75,86,92,86,97,3.4,5
DL,Devin Voorhies,25,2016,80,71,85,82,82,81,0.3,5
DL,Brandon Dunn,26,2014,80,72,85,78,81,75,0.4,1
DL,Rakkan Maki,29,2011,92,92,89,97,94,97,3.2,5
LB,Brennan Scarlett,25,2016,69,65,79,72,79,77,0.3,1
LB,Courtney Simon,26,2015,81,81,88,87,81,84,1.1,1
LB,Jordon Cason,25,2014,82,79,80,84,85,86,1.5,1
LB,Jelani Jenkins,26,2013,82,75,87,79,79,83,0.5,2
LB,Lamarr Houston,31,2010,69,82,82,82,87,76,0.5,1
LB,Markeiss Lynch,28,2012,86,94,87,87,92,88,1.7,5
LB,Brian Peters,30,2015,61,63,87,74,73,78,0.3,1
LB,Ufomba Kamalu,26,2016,68,57,87,80,84,71,0.3,2
LB,Zach Cunningham,24,2017,82,75,90,84,84,83,0.9,2
LB,Dylan Cole,24,2017,64,58,87,81,86,80,0.3,2
END_PLAYERS
######################################################################  COLTS
Indianapolis Colts,IND
QB,Charlie Boesen,31,2011,68,65,90,83,77,52,1.2,1
QB,Marshall McCarthy,28,2011,96,85,90,90,94,99,3.5,5
QB,Alden Hurst,25,2016,74,72,90,94,78,77,0.5,1
RB,Darrell Daniels,24,2017,73,57,86,71,86,78,0.3,2
RB,Forest McKee,22,2017,71,69,87,89,80,80,0.5,3
RB,Karon Sweazy,24,2016,90,83,80,85,95,94,2.5,5
RB,Casey Sanders,25,2014,89,72,87,86,96,94,2.8,5
RB,Orryn Nicholson,35,2005,71,80,90,84,82,82,0.4,1
WR,Jamal Bonner,23,2018,91,86,85,89,96,89,1.1,5
WR,DrewJay Moore,25,2015,68,59,80,75,80,79,0.3,1
WR,Sean Faulkner,23,2017,87,78,87,88,92,84,1.7,2
WR,Jawain Prescod,25,2015,83,80,88,90,93,91,2.5,5
WR,Justin Ikei,24,2016,66,78,82,86,89,80,1.2,1
WR,Scottie Farris,28,2013,70,83,84,88,77,66,0.8,2
WR,Jude Reiter,29,2013,67,66,80,73,86,71,0.5,2
OL,Scottie Tauvaga,23,2018,87,86,84,91,92,83,0.8,5
OL,Tyreek Burwell,26,2015,61,53,83,82,77,71,0.4,2
OL,Kullen Stoner,27,2014,72,81,88,89,72,79,0.7,2
OL,Kory Kodanko,30,2012,77,87,87,86,81,85,1.5,3
OL,Markquese Bell,24,2016,89,89,85,89,93,73,1.9,5
OL,Cooper Dreifort,24,2016,79,77,79,87,79,82,0.4,5
OL,Zayne Berg,28,2014,72,54,82,90,73,73,0.3,2
OL,Lance Holm,22,2019,78,79,89,86,86,78,0.5,4
OL,Joe Haeg,25,2016,74,73,91,83,75,73,0.4,2
OL,Leif Lenon,25,2016,73,84,89,86,77,79,1,1
OL,Luke Rhodes,26,2016,71,54,88,83,46,45,0.3,1
K,Noe Porter,25,2014,55,72,84,88,94,72,1,2
K,Aiden Passmore,24,2017,63,55,88,92,83,55,0.3,2
S,Matthias Farley,26,2016,73,74,88,83,89,72,0.3,1
S,TJ Green,23,2016,71,63,86,83,93,74,0.8,1
S,Za’Von Spralls,23,2017,90,74,87,84,87,97,1.5,5
S,Darius Butler,32,2009,65,79,90,86,89,60,0.7,2
S,Desean Robinson Jr.,22,2017,76,74,85,86,88,71,1.4,2
CB,Quincy Wilson,22,2017,74,62,88,79,88,67,1.2,2
CB,DJ White,25,2016,66,54,89,81,89,69,0.4,2
CB,Donjae Dawson,27,2012,71,84,83,89,90,74,1.5,2
CB,Tez Wilson,22,2019,80,82,86,87,90,68,1,5
CB,Taeyler Porter,25,2015,72,55,89,79,92,76,0.3,2
CB,Joshua Cole,24,2017,74,63,86,83,88,72,0.4,2
CB,Kenny Moore,23,2017,69,56,85,82,87,63,0.3,2
DL,Darrell Hyde,24,2016,74,75,82,93,92,78,1.2,1
DL,Jamez Holley,22,2018,86,70,84,93,76,79,1.2,5
DL,Patten Smith,27,2012,86,86,83,93,93,81,2.4,5
DL,Henry Anderson,27,2015,80,83,81,83,86,83,0.5,1
DL,Luke Laufenberg,22,2017,76,76,78,87,88,94,0.5,2
DL,Avondre Meyer,29,2013,76,55,89,90,86,77,0.5,3
DL,Levon Babb,22,2019,91,82,86,89,83,96,1.4,4
LB,Shovon Nash,24,2015,79,87,90,88,86,81,2.1,5
LB,Daylon Dunn,23,2017,79,72,87,83,79,84,0.5,5
LB,Quin Jones,24,2016,84,78,88,89,90,80,1.7,5
LB,Tocorey Copeland,21,2019,98,81,87,91,91,97,1.4,4
LB,Joshua Perry,24,2016,75,58,90,85,84,75,0.5,1
LB,Antonio Morrison,24,2016,75,67,83,82,83,77,0.5,1
LB,Tarell Street,24,2017,81,64,89,78,80,76,0.5,2
LB,Anthony Walker Jr.,23,2017,74,58,93,83,84,74,0.4,2
END_PLAYERS
######################################################################  JAGUARS
Jacksonville Jaguars,JAX
QB,Jack Lucas,26,2014,72,76,89,88,74,42,1.4,2
QB,Dyllan DellaFave,21,2019,92,89,89,90,91,92,1.4,5
RB,LaAndre Thomas,23,2017,88,82,85,92,91,89,2.5,5
RB,Korey Marcel,23,2018,78,76,77,93,90,78,0.3,3
RB,Toryque Bateman,24,2016,80,78,83,86,88,86,1.3,1
RB,Markus Kinney,30,2011,72,70,85,71,76,68,0.4,1
RB,Jasper Bowie,30,2010,73,85,79,85,89,85,1.4,3
RB,Kanyia Connor,21,2019,85,83,90,95,84,79,1.4,5
WR,Ni’jeel Reams,25,2017,70,63,87,81,87,83,0.3,2
WR,Kain Danley,23,2017,83,79,84,92,84,82,1.5,5
WR,ZeVeyon Dempsey,22,2019,86,86,89,90,90,81,1.4,5
WR,John Rolls,25,2016,87,80,87,94,82,81,1.1,5
WR,Siaosi Naiman,28,2011,77,90,87,89,90,81,0.7,2
WR,Kario Marshall,24,2016,87,82,86,90,94,88,1.4,5
WR,Michael Lawson,25,2016,80,77,80,86,83,78,0.5,1
WR,Mazzi Tilghman,23,2017,79,78,83,86,91,76,0.5,2
WR,Ben Koyack,25,2015,84,69,86,78,79,67,0.3,1
WR,Tre’Shown Kearse,24,2018,79,79,81,89,87,92,0.4,3
OL,Matt Tafua,23,2017,86,73,93,91,87,89,1.5,5
OL,Josh Wells,27,2014,62,63,84,83,79,74,0.5,1
OL,Patrick Omameh,29,2013,75,79,87,82,73,82,0.5,1
OL,Kitu Leiato,21,2019,96,70,83,96,90,95,1.5,5
OL,Jermey Parnell,32,2009,75,81,82,84,73,76,0.8,2
OL,Owen Cosenke,26,2014,73,89,88,89,80,74,1.3,5
OL,Jahkeem Arnold,24,2017,94,74,98,86,97,74,2.5,2
OL,Max Martin,27,2015,77,80,87,89,73,74,0.5,1
OL,Josh Walker,27,2014,68,53,87,76,79,75,0.4,1
OL,William Poehls,27,2014,76,65,86,80,77,74,0.3,1
OL,Kanon Mackey,26,2015,68,61,82,85,75,76,0.3,2
K,Mason Neisen,23,2017,86,88,81,91,94,58,1.2,5
K,Justin Lewis,29,2012,67,62,84,90,82,62,0.3,2
S,Jarrod Wilson,24,2016,75,55,88,78,87,63,0.3,1
S,Ocie Pryor,26,2014,76,74,91,83,87,71,0.9,2
S,JayTee Dorsey,22,2019,75,82,83,83,88,83,0.5,4
S,Kam Prewitt,29,2011,70,74,94,80,85,79,1.9,3
CB,Javian Myrick,23,2017,74,51,83,81,96,76,0.4,2
CB,Jalen Stanley,23,2017,98,83,87,93,93,83,2.8,5
CB,Akease Shaw,27,2013,86,87,82,91,89,78,2.3,5
CB,Kwamie Dougan,25,2016,76,79,79,86,89,72,0.5,1
CB,Tyler Patmon,27,2014,71,65,83,82,88,59,0.4,1
DL,Eli Ankou,24,2017,75,68,84,82,84,82,0.3,2
DL,Yannick Ngakoue,23,2016,84,80,87,80,84,89,0.5,1
DL,Dakuan Barr,28,2012,73,91,91,87,93,90,0.9,3
DL,Rolando Burgess,30,2009,84,88,89,94,96,87,1.5,4
DL,Natrick Moran,28,2012,74,79,87,83,88,84,0.5,4
DL,LD Braley,26,2014,78,81,84,88,87,77,1.3,3
DL,Tee Donald,24,2018,94,82,79,97,94,83,2.8,5
DL,Sheldon Day,24,2016,68,66,87,80,85,89,0.5,1
DL,Dawuane Smoot,23,2017,75,64,90,82,81,86,0.7,2
LB,Luc Johnson,24,2016,90,88,92,86,87,91,2.5,5
LB,Lukas Bearfield,22,2019,79,67,80,87,83,84,1,4
LB,Andre Timochenko,26,2014,85,84,85,87,88,88,2.5,3
LB,Raevon Clarke,24,2016,88,81,83,84,82,87,1.4,1
LB,Blair Brown,24,2017,68,59,90,86,87,78,0.4,2
LB,Tyraiq Skanes,23,2018,89,84,89,91,89,80,0.3,5
END_PLAYERS
######################################################################  TITANS
Tennessee Titans,TEN
QB,Michael Ritten,22,2019,74,77,87,81,89,77,1,4
QB,Matthew McRoskey,24,2016,78,64,90,90,73,46,0.5,1
QB,Fox Conawy,25,2016,85,86,94,94,87,79,2,5
RB,Calvin RidleyFoster,21,2017,77,89,86,67,92,92,0.9,2
RB,Jahkeem Green,24,2016,89,86,90,88,88,85,1.1,5
RB,Kullen Wells,28,2015,77,74,75,75,77,72,0.5,1
RB,Trey Robinson,23,2017,77,89,86,85,89,88,0.8,2
RB,Rickey Beamon,21,2019,92,95,86,80,92,96,1.9,5
WR,Coco Burkett,22,2018,93,83,85,96,84,85,2.2,5
WR,Matt Rison,29,2012,78,89,89,89,89,80,1.5,1
WR,Justin Szuba,24,2017,79,70,85,77,81,76,1.1,2
WR,Hakim Chapman,26,2014,74,80,83,79,85,79,0.8,1
WR,Corey Thomas,24,2016,94,84,85,91,85,80,2.2,5
WR,Lomoni Levin,23,2017,98,87,90,97,94,84,3,5
DL,Qua-Vonn Westfield,22,2019,76,77,87,89,87,82,0.5,4
WR,Corey McClain,23,2017,83,72,88,83,90,83,0.8,2
WR,Conrey Taylor,23,2017,74,65,92,82,92,80,0.7,2
WR,Jonnu Hulett,23,2017,69,67,87,81,85,75,0.5,2
OL,Konnor Kline,27,2015,80,83,89,84,77,82,0.5,2
OL,Joshua DeCambre,26,2014,80,87,84,83,82,85,1.2,5
OL,Leone Mahe,25,2015,85,91,89,91,85,83,2.5,5
OL,DeJaun Cooper,24,2016,77,74,90,91,74,83,1,1
OL,Beau Brinkley,29,2012,56,45,84,69,50,62,0.8,2
OL,Chase Ross,28,2012,79,87,92,88,78,75,2,2
OL,Adam DeLaGarza,23,2018,91,78,88,89,83,92,0.9,5
OL,Jack Gourlay,24,2016,83,86,92,87,78,73,1.8,1
OL,Corey Levin,24,2017,73,58,86,85,78,74,0.4,2
K,Colton Dowell,31,2009,70,64,70,90,83,64,1.1,2
K,Cameron Kaye,25,2015,78,83,85,90,93,58,2,5
S,Kevin Croft,25,2016,81,78,89,85,89,76,0.7,1
S,Curtis Riley,26,2015,66,63,87,82,89,62,0.3,1
S,Brynden Trawick,29,2013,58,62,88,81,85,74,0.4,1
S,Neisen Faauli,23,2017,94,94,90,87,94,88,2.2,5
S,Da'Norris Searcy,30,2011,66,74,88,83,87,72,1.2,1
CB,LeShaun Sims,25,2016,81,77,86,86,88,56,0.4,1
CB,Kalan Reed,25,2016,65,52,88,80,89,64,0.3,1
CB,Tye Smith,25,2015,78,62,87,81,87,52,0.4,1
CB,Cameron Shoemo,23,2017,85,83,92,86,88,86,1.4,5
CB,Deiondre Goodman,28,2013,63,70,85,84,90,58,0.9,1
CB,Zay Armstrong,23,2017,80,66,87,86,92,76,2,2
DL,Leon Greenway,25,2015,65,60,86,83,82,83,0.4,1
DL,Cooper Root,24,2018,88,86,88,88,90,92,2.3,5
DL,Kelle Sanders,27,2013,85,87,83,88,91,82,0.5,2
DL,Bryan Murdaugh,25,2017,84,88,88,92,94,85,1.8,5
DL,Arron Roland,24,2018,73,73,84,88,88,80,1.5,3
DL,Taevion Mason,27,2013,76,73,84,86,84,80,1.1,2
LB,Erik Walden,33,2008,72,76,87,80,80,77,0.8,1
LB,Alejandro Benniefied,25,2014,84,88,92,88,80,85,2.2,5
LB,Orlando Brown,26,2013,77,83,86,85,91,81,1.4,1
LB,Derrick Morgan,29,2010,72,77,88,77,83,76,0.9,1
LB,Nate Palmer,29,2013,66,64,86,80,83,77,0.8,1
LB,Tonarius Darity,22,2019,85,68,89,89,94,76,1.4,4
LB,Marquis Braun,31,2009,72,77,88,87,86,79,0.5,1
LB,Kevin Dodd,26,2016,79,71,85,83,85,78,0.4,1
LB,Jayon Brown,23,2017,72,63,87,82,81,78,0.4,2
END_PLAYERS
######################################################################  BRONCOS
Denver Broncos,DEN
QB,Fyn Dinucci,28,2012,80,69,92,96,75,58,0.5,1
QB,Avery McVey,32,2008,73,89,85,98,90,63,3.5,2
QB,Kolt Harfield,24,2016,88,81,92,93,84,74,1.5,5
RB,Dewayne Fahey,30,2010,74,84,82,83,90,85,1.5,2
RB,Jaiden Snazjder,25,2015,97,88,86,93,89,99,3.5,5
RB,JaMycal Hasty,26,2016,72,77,90,80,87,85,0.5,1
RB,Jhye Davis,24,2018,82,76,85,81,93,93,0.4,5
RB,Kobe Winters,25,2016,77,72,85,74,79,72,0.4,1
WR,Alencio Graham,28,2012,73,90,90,83,91,84,1.7,2
WR,Dane Hand,30,2011,71,85,81,78,86,79,2,2
WR,Sam Bazie,26,2013,98,88,86,97,95,87,2.3,8
WR,Jordan TaeJackson,24,2016,68,48,85,78,90,77,0.7,1
WR,Credele Miller,21,2019,87,79,85,88,98,87,1.5,4
WR,Rakavian Staley,27,2015,84,72,84,88,82,75,0.4,5
WR,Maverick Gallagher,27,2014,79,69,87,82,88,71,0.3,2
WR,Joaquin Slater,27,2014,76,73,79,87,87,78,0.9,2
WR,Markevis Woods,23,2018,88,61,82,93,83,75,0.4,5
OL,Dallas Backhouse,21,2019,84,76,83,94,87,81,1,4
OL,Donald Stephenson,30,2012,80,73,86,84,74,69,0.4,1
OL,Ben Mills,28,2013,80,86,82,87,78,89,1.9,5
OL,Tom Kelton,26,2014,89,88,85,90,89,86,2.4,5
OL,Codie Kcehowski,25,2014,74,74,77,86,77,78,0.8,2
OL,Billy Turner,27,2014,78,73,85,85,69,77,0.5,1
OL,Dannell Burgess,27,2015,76,79,86,89,75,72,0.4,1
OL,Casey Kreiter,28,2014,61,60,87,68,48,72,0.3,1
OL,Connor McGovern,25,2016,65,58,90,87,78,71,0.4,1
OL,Joel Willis,25,2015,78,73,89,90,87,77,1.5,3
OL,Elijah Wilkinson,23,2017,70,63,83,80,72,73,0.3,2
K,Damon Manning,27,2014,74,90,85,97,90,60,1.5,2
K,Shane Hardy,28,2013,78,59,86,88,79,59,0.4,2
S,Alden McNamara,28,2013,78,72,86,85,88,75,1.5,2
S,William Parks,24,2016,76,71,87,80,85,74,0.4,1
S,Jamal Carter,24,2017,72,50,89,77,85,72,0.3,2
S,Shaun Sessions,21,2019,95,90,85,94,97,91,2.5,5
CB,Twishawn Riddick,21,2019,77,73,89,85,92,74,0.5,4
CB,Tysean Harreison,27,2013,79,83,88,92,88,71,1.3,2
CB,Jayvion Lewis,26,2014,87,93,91,93,91,69,2.3,5
CB,Kyle Covington,26,2014,83,76,84,88,93,60,1.5,5
CB,Lorenzo Doss,24,2015,66,60,87,79,89,45,0.4,1
CB,Brendan Langley,24,2017,77,59,88,81,91,74,0.5,2
DL,Mario Jones,31,2009,84,86,95,95,84,72,1.5,5
DL,Lucio North,31,2009,75,83,89,99,92,89,2.5,2
DL,Jared Crick,29,2012,66,79,81,81,84,81,0.5,1
DL,Billy Winn,29,2012,67,65,84,82,85,84,0.5,1
DL,Emil Calhoun,27,2014,68,71,83,84,86,83,0.4,2
DL,Varrien McNeil,27,2014,77,83,77,87,87,78,1.1,1
DL,Vic Marchie,23,2018,79,77,84,89,93,83,0.8,3
LB,Rickardo Archie,24,2017,97,85,92,94,93,93,2.5,5
LB,Lou Noriega,29,2012,71,83,88,89,86,83,1.3,3
LB,Luke Buddenburg,23,2018,90,92,85,89,84,94,0.8,5
LB,Deaven Burns,24,2016,82,85,90,88,86,81,1.5,1
LB,Shane Ray,25,2015,85,76,84,76,79,81,1.1,1
LB,Zaire Anderson,26,2015,67,52,85,81,81,74,0.3,1
LB,Shaquil Barrett,26,2014,88,87,87,79,79,79,0.4,5
LB,Demarcus Walker,24,2017,70,62,91,77,81,72,1,2
END_PLAYERS
######################################################################  CHIEFS
Kansas City Chiefs,KC
QB,Aaron Ali,24,2015,86,79,96,98,81,83,3.5,5
QB,Gram Coogan,21,2019,90,82,83,84,92,86,1,5
QB,Daulton Rush,27,2013,74,86,91,87,86,63,1,1
RB,Zordan Mechane,24,2016,87,86,86,92,94,93,2.3,5
RB,Dre Brown,25,2015,70,68,85,71,92,76,0.5,2
RB,DyKari Roberson,26,2013,75,73,82,81,91,83,0.9,1
RB,Devajee Bush,30,2011,73,79,90,68,79,67,1.3,1
RB,Raymie Ragland,21,2019,90,86,89,81,96,96,1.8,5
WR,Keeon Johnson,27,2014,79,87,83,94,87,80,2.4,2
WR,Tai’yon Holly,23,2018,94,77,87,96,91,93,1.3,5
WR,Demarcus Robinson,24,2016,78,57,86,75,88,75,0.5,2
WR,Nick Cruz,28,2013,78,73,85,93,83,78,0.5,1
WR,Korei Shaunfield,27,2013,72,75,83,78,87,78,1,1
WR,Jackson Ross,23,2017,79,79,85,84,91,78,1.1,2
WR,Kajai Tyler,25,2014,78,70,76,78,92,83,0.5,2
WR,Casper Faulk,24,2018,95,86,84,95,86,90,0.5,5
WR,Luther Jones,24,2016,83,85,84,94,85,83,1.8,5
WR,Jehu Chesson,25,2017,69,61,87,84,90,77,0.5,2
OL,Lelon Webb,21,2019,76,70,75,89,88,82,1,4
OL,Jordan Devey,30,2014,72,65,87,82,80,69,0.4,2
OL,Tobias Lai,27,2014,83,80,89,92,83,83,2.5,5
OL,Olin Michaud,26,2015,79,78,86,85,80,75,0.5,5
OL,Tom Wade,26,2015,80,85,87,86,85,73,1.8,5
OL,Scott Wiese,27,2013,80,84,91,88,74,85,1.7,4
OL,Aaron Craig,26,2015,78,87,85,92,81,74,0.9,1
OL,Cameron Erving,26,2015,74,70,86,84,73,74,1.2,1
OL,Parker Ehinger,26,2016,78,66,83,80,79,74,0.5,1
OL,Ryker Johanesson,21,2019,89,82,83,95,90,90,1.4,5
K,Makhail Falcone,29,2010,82,90,89,97,97,55,1.7,5
K,Drew Riethman,24,2016,76,53,80,91,83,53,0.4,1
S,Daniel Sorensen,28,2014,75,77,90,82,84,70,1,3
S,Scott Smith,28,2010,97,97,90,97,86,94,3.2,4
S,Steven Terrell,28,2013,74,66,85,84,92,58,0.4,2
S,Eric Murray,24,2016,81,65,89,82,89,70,0.5,1
CB,Lane Moriarty,28,2012,75,90,87,90,90,70,1.2,1
CB,Mook Reynolds,29,2011,73,74,91,85,90,74,0.5,1
CB,Devon Freeman,26,2014,73,74,89,85,89,64,0.4,1
CB,Zyon Blakes,23,2018,73,68,82,87,89,83,0.4,3
CB,Theo Orange,21,2019,95,90,87,97,97,77,2,5
DL,Roy Miller,31,2009,64,74,85,87,89,78,0.8,1
DL,Noe Gallo,26,2014,82,74,89,90,88,84,1.9,5
DL,Dante Kohl,28,2013,74,77,77,91,87,76,0.5,2
DL,Dru Seabrook,29,2013,70,78,84,89,92,81,1.4,2
DL,Rakeem Roches,25,2015,71,65,80,80,85,79,0.3,2
DL,Aron Gaines,28,2012,80,86,86,88,90,87,1.3,5
DB,Solomon Williamson,21,2019,78,70,87,88,92,85,0.5,4
LB,Tyrell Burnside,27,2013,66,93,87,89,84,83,1.5,1
LB,Si Flacco,27,2012,95,86,87,99,92,84,2.5,5
LB,Dee Ford,27,2014,76,74,86,76,82,83,0.7,1
LB,Kevin Pierre,27,2014,72,69,82,82,84,84,0.4,1
LB,Kiy Coffman,26,2015,80,81,88,85,84,84,0.5,2
LB,Dillon Reinkensmeyer,22,2018,94,88,89,87,84,95,1.2,5
LB,Terrance Smith,25,2016,73,56,81,78,81,76,0.3,1
LB,TreSean Allen,24,2017,72,60,85,77,83,73,0.8,2
LB,Ukeme Eligwe,24,2017,76,56,84,83,83,76,0.4,3
END_PLAYERS
######################################################################  RAIDERS
Oakland Raiders,OAK
QB,Cameron Bauer,23,2017,85,86,89,92,84,72,2.5,5
QB,Dante Howard Jr,24,2017,87,88,94,90,92,90,3,5
QB,Connor Cook,25,2016,69,64,91,90,76,52,0.5,1
RB,Ziggy Hood,22,2018,93,83,89,85,98,96,2.9,5
RB,Calvin Cass Jr,29,2011,73,78,87,86,90,85,2.3,1
RB,CeeCee Holmes,29,2011,68,84,89,94,89,90,1.7,1
RB,Mekale Barber,28,2012,72,76,86,75,87,88,2.5,1
RB,Tyain Smith,24,2016,83,68,90,79,94,87,0.4,5
WR,Charlie Niemiec,29,2013,77,88,87,86,86,79,0.7,1
WR,Hassan Kaplan,27,2014,70,81,86,83,91,77,2.2,2
WR,Taz Zettergreen,26,2015,81,85,85,89,84,82,1.5,1
WR,Clive Walford,27,2015,74,74,86,83,79,73,0.5,1
WR,Ryyan Zuewsky,27,2013,80,95,91,88,87,83,2.3,2
WR,Lee Smith,31,2011,65,73,84,69,72,66,0.3,1
WR,Mackensie Cooke,26,2014,94,75,89,94,99,92,3.5,5
WR,Adonis Robinson,23,2017,72,83,84,84,86,76,2.2,2
OL,Jon Condo,37,2005,56,82,84,71,51,65,0.7,1
OL,Logan Veo,24,2017,95,84,86,92,89,94,1.5,5
OL,Romain Luckett,32,2008,73,92,90,88,89,87,1.3,2
OL,Jakori Savage,25,2015,75,73,85,86,81,76,1,1
OL,D’Andre Newell,27,2014,80,84,85,93,88,79,2.1,3
OL,Leon Cusic,22,2019,88,84,87,92,87,87,1.5,5
OL,Vadal Alexander,24,2016,70,64,87,86,74,78,0.4,1
OL,Jakob Clinton,23,2018,84,83,86,92,88,94,0.9,5
OL,Jylan Ware,25,2017,65,53,87,85,77,73,0.4,2
OL,Colton Lueck,27,2014,83,86,86,92,72,75,1.7,3
K,Tod Zuniga,30,2010,94,90,84,99,92,55,2,5
K,Al Pittman,30,2012,65,63,82,90,87,63,0.5,2
K,Giorgio Tavecchio,28,2012,63,54,81,91,84,54,0.3,1
S,Reggie Nelson,35,2007,42,81,93,86,87,73,1.5,1
S,Kei Beckham,25,2016,89,87,85,90,90,77,2.8,5
S,Keith McGill,29,2014,60,56,80,81,89,71,0.5,1
S,Andre Claiborne,24,2018,84,83,87,87,85,95,1.3,3
S,Shalom Luani,24,2017,67,59,88,79,87,64,0.4,2
CB,Jacob Revis,24,2016,79,78,88,89,87,74,1.8,1
CB,Naranjo Jackson,23,2018,84,82,88,87,91,75,2.4,5
CB,Dexter McDonald,27,2015,62,51,83,81,91,52,0.4,1
CB,Darvin Adams,24,2017,82,77,84,89,91,76,0.5,2
CB,Devyn Brooks,27,2013,83,84,86,88,90,77,1.4,3
DL,J’Veyon Dunne,21,2019,73,57,84,91,88,84,0.5,4
DL,Mossi Thurman,30,2011,74,76,83,84,89,81,0.5,2
DL,Stefon Ray,27,2014,89,90,95,95,93,95,3.7,5
DL,Denico Autry,28,2014,78,75,83,75,81,81,0.4,1
DL,Luke Niemeyer,24,2015,92,88,78,94,88,93,1.3,5
DL,Darius Latham,24,2016,71,59,84,82,84,78,0.3,1
DL,Treyvon Hester,26,2017,79,67,85,85,83,77,0.4,2
DL,Sam O’Brion,24,2016,80,67,85,89,86,84,1.5,1
LB,Camran Lamb,28,2012,99,95,85,97,98,82,3.5,5
LB,Bryan Taylor,27,2013,87,88,91,91,87,83,2.3,2
LB,Jihad Ward,24,2016,77,64,89,82,84,73,1.2,1
LB,Shilique Calhoun,26,2016,66,62,89,79,82,77,0.5,1
LB,Kyle Tauliili,26,2015,92,82,88,92,89,88,3.2,5
LB,Marquel Lee,23,2017,79,73,90,83,83,77,0.4,2
LB,Xavier Woodson,23,2017,70,61,85,77,77,77,0.3,2
LB,Nicholas Morrow,23,2017,74,69,84,77,80,83,0.3,2
END_PLAYERS
######################################################################  CHARGERS
Los Angeles Chargers,LAC
QB,Kyle Gallenkamp,25,2015,75,87,97,89,84,43,2.5,2
QB,Shea Kelly,23,2017,74,62,90,93,78,73,1.5,2
QB,Joe Raemo,23,2019,97,93,90,93,99,86,3,5
RB,Andre Williams,26,2014,71,72,84,84,87,80,0.4,1
RB,Zawnte Nolan,27,2014,77,72,86,85,88,91,1.5,2
RB,Ronde Berry,25,2015,88,84,88,87,94,93,2.5,5
RB,Kortez Weeks,26,2016,62,54,90,73,81,72,0.4,2
RB,Eric Burrell,23,2017,79,78,85,95,82,83,0.3,5
WR,Nile Lucas,28,2013,71,95,82,89,77,78,0.5,2
WR,Keefer Rodriguez,21,2019,83,82,83,93,79,79,1,4
WR,Rion Jamison,30,2009,80,82,80,96,81,73,0.5,3
WR,Calvin Matthews,24,2016,71,85,80,86,92,81,1.8,2
WR,Loic Merriweather,24,2018,82,79,86,85,87,87,0.4,5
WR,Jayson Thiele,23,2019,92,91,81,94,89,85,1.4,5
WR,Shawn Reed,26,2015,76,85,84,86,91,82,0.5,2
WR,Connie Browne,30,2010,74,77,91,86,84,74,1.4,2
WR,Rhett Chalmers,29,2012,82,74,88,87,89,83,0.8,1
WR,Sean Culkin,25,2017,67,55,89,74,82,71,0.3,2
OL,Erik Okezie,22,2019,72,72,83,87,74,76,0.5,4
OL,Kason Conrad,24,2015,80,77,85,88,72,73,0.9,2
OL,CJ McAnally,26,2015,74,91,87,89,74,73,0.5,2
OL,Maxim Larzelere,25,2015,75,81,84,88,73,87,0.4,5
OL,Ryen Redeker,23,2018,92,75,86,92,85,93,0.5,5
OL,Michael Schofield,28,2014,79,76,84,83,74,72,0.7,1
OL,Evan George,26,2014,71,63,84,84,77,77,0.4,1
OL,Spencer Pulley,25,2016,75,75,86,83,78,74,0.3,1
OL,Danley Exilhomme,24,2017,73,64,84,91,77,75,0.7,3
OL,Sam Tevi,24,2017,63,55,87,79,78,74,0.4,2
K,Jon BarrettLewis,23,2017,82,64,79,90,93,64,1.5,5
K,Dominick Covatto,25,2016,67,51,73,95,75,51,0.4,2
S,Sean Paul,27,2013,98,92,90,91,85,95,3.5,5
S,Colby Gore,23,2017,78,77,87,85,87,75,0.5,5
S,Adrian Phillips,26,2014,70,68,87,82,87,69,0.4,1
S,Rayshawn Jenkins,24,2017,70,62,84,81,89,74,0.5,2
CB,Keonte Lucas,28,2011,70,89,83,88,89,67,0.5,1
CB,Kesni Tausinga,24,2017,85,83,88,91,93,67,2.5,5
CB,Shiheem Friekh,29,2012,71,78,85,87,91,68,0.5,2
CB,Michael Davis,23,2017,68,57,89,78,92,72,0.3,1
CB,Tyrone King,24,2017,84,72,92,84,86,72,0.4,2
DL,Jake Bateman,24,2016,88,70,89,91,86,94,1.7,5
DL,Val Graff,31,2009,74,87,86,91,92,80,0.3,1
DL,Damani King,29,2012,75,85,87,83,85,90,0.2,3
DL,Damion Ocansey,29,2013,64,70,82,80,82,82,0.5,1
DL,Jeremiah Attaochu,25,2014,83,74,84,73,79,88,0.8,1
DL,Chris McCain,27,2014,71,68,86,61,69,85,0.4,1
DL,Donyae Hopkins,26,2013,71,68,82,89,89,82,0.8,2
DL,Darius Philon,24,2015,79,68,84,79,82,85,0.4,1
DL,Cassius Park,33,2006,81,82,87,87,84,87,1,2
LB,Korey Toomer,29,2012,66,80,76,78,79,88,1.1,1
LB,Kyle Emanuel,27,2015,68,70,86,72,80,77,0.4,1
LB,Cole VanWey,24,2016,94,83,90,89,88,92,1.5,5
LB,Hayes Pullard,26,2015,66,67,87,77,76,79,0.3,1
LB,Lazarus Crews,24,2017,73,66,89,85,88,73,1.3,5
LB,Rolando Greene,25,2015,95,89,98,97,96,84,3.1,5
LB,James Onwualu,24,2017,73,59,87,78,80,78,0.3,2
END_PLAYERS
######################################################################  BEARS
Chicago Bears,CHI
QB,Mark Connor,32,2009,75,70,88,87,74,55,1.5,1
QB,Blake Kiel,27,2015,70,77,90,93,77,42,1.5,2
QB,Homer Reese,29,2012,95,97,90,93,93,79,2.5,5
RB,Keagan Lewis,24,2016,80,87,85,89,90,89,1.4,5
RB,K’Jakrye Dylan,24,2016,73,77,84,64,81,65,0.4,1
RB,Tibo Adeyemi,21,2019,88,75,87,96,87,86,1.4,4
RB,Kishawn Miller,23,2017,82,77,85,81,92,88,1.5,5
RB,Connor Degenhardt,25,2017,77,81,85,91,87,80,0.5,2
WR,Keandre Miller,34,2009,47,79,80,89,85,77,0.9,1
WR,Adam Cohee,25,2017,66,60,86,82,81,78,0.3,3
WR,Shawn Lozano,24,2016,85,86,87,93,83,82,2,5
WR,Keshawn Bouie,24,2018,83,79,86,88,86,88,0.4,3
WR,Eric Derise,23,2018,91,91,86,94,82,87,2,5
WR,Zoron Owens,25,2015,76,78,86,93,88,82,2,2
WR,Kavika Johnson,29,2012,76,78,91,94,86,85,1.5,2
WR,Kai Redden,27,2013,76,77,80,82,80,72,1.8,2
WR,Dillon Stoner,29,2012,65,77,87,79,89,75,0.5,1
WR,Cleavant Wever,27,2013,79,75,89,90,83,80,1.7,1
OL,Calvin Lewan,21,2019,99,85,83,96,93,93,2.4,9
OL,Kooper Richardson,26,2016,83,88,89,87,77,70,0.8,1
OL,Beck Tabor,23,2018,87,79,86,90,85,93,0.5,3
OL,Charles Leno Jr.,27,2014,76,81,85,81,85,75,0.4,4
OL,Noel Black,26,2014,76,71,90,90,74,74,1.7,2
OL,Josh Sitton,32,2008,76,92,84,91,77,83,0.5,5
OL,Koi Freeman,28,2013,75,72,83,83,78,73,0.5,1
OL,Jess Damron,28,2014,73,85,91,84,85,80,2,4
OL,Bobby Massie,29,2012,77,78,88,83,73,74,0.9,1
K,Jimmie Rios,32,2008,57,60,78,88,84,60,0.5,1
K,Sam Gerst,23,2017,88,86,81,91,91,66,0.4,5
S,Eddie Jackson,26,2017,71,71,78,83,88,67,0.5,3
S,DeAndre Houston,25,2016,65,52,89,79,88,77,0.4,1
S,Adrian Amos,25,2015,82,77,85,85,93,61,0.4,1
S,Jon Ryker,24,2016,89,87,87,83,88,92,1.9,5
CB,Ta’hji Thomas,24,2017,91,81,87,92,90,88,2.5,5
CB,Cre'von LeBlanc,24,2016,74,68,85,82,87,75,0.3,1
CB,Deiondre' Hall,24,2016,63,51,86,81,88,64,0.5,1
CB,Bryce Callahan,27,2015,85,80,86,90,94,56,0.4,1
CB,Joey Junius,22,2017,76,76,90,88,92,77,0.5,2
CB,Memphis Marquez,28,2013,74,76,87,85,90,70,0.8,2
CB,Sherrick McManis,31,2010,60,63,80,82,87,68,0.9,2
DL,Vicente Tipton,31,2010,75,84,84,84,85,81,0.8,2
DL,Papi Taiwo,25,2018,88,89,87,95,94,87,0.5,5
DL,Chris Wilson,26,2013,85,78,84,88,90,78,1.2,5
DL,Pacey Burress,25,2016,96,76,82,92,89,95,2.5,5
DL,Shane Kolaczkowski,26,2014,72,87,86,87,90,83,1.5,2
DL,Nathan Ansah,21,2016,82,77,87,89,92,73,1,4
LB,Pernell McPhee,30,2011,75,83,87,83,91,77,0.9,2
LB,Zackary Zitkus,21,2019,78,70,86,87,91,76,0.5,4
LB,Willie Young,33,2010,74,81,85,76,80,78,0.7,1
LB,Nez Dacosta,23,2017,92,86,87,92,88,92,2,5
LB,Morgan Morrison,24,2016,97,80,88,94,96,82,0.7,5
LB,Christian Jones,27,2014,78,75,89,80,79,81,0.9,1
LB,Trevin Meyers,25,2016,76,74,87,85,85,82,0.5,1
LB,Leonard Floyd,26,2016,74,74,86,83,82,85,3.8,1
LB,Roy Robertson,25,2016,71,62,85,80,83,73,0.3,1
END_PLAYERS
######################################################################  LIONS
Detroit Lions,DET
QB,Shiloh Pierce,25,2015,98,90,92,90,93,98,3.5,5
QB,Will McCary,25,2016,71,76,88,88,73,56,0.3,1
RB,Tyriq Green,25,2017,72,84,83,85,81,81,0.3,2
RB,Reggie Griffiths Jr,30,2010,77,65,80,76,90,78,1.4,2
RB,Jacks Brown,27,2015,71,76,84,91,80,79,1.3,2
RB,Darren Fells,32,2014,71,76,84,71,73,72,0.7,1
RB,Jamarious Morgan,25,2015,92,79,85,86,93,87,3.8,5
RB,Dazhawn Allen,27,2013,77,85,88,78,87,90,2.3,5
WR,Donovahn Ross,25,2016,78,76,88,86,90,81,1.5,1
WR,Jace Billingsley,25,2016,70,54,87,77,90,82,0.3,1
WR,Michael Roberts,24,2017,80,65,88,81,77,70,0.5,2
WR,Tevin Williams,25,2014,87,82,88,83,87,82,1.7,3
WR,JaVaughn Craig,26,2014,70,66,89,82,90,79,0.5,2
WR,Jared Bohannon,28,2014,68,68,88,79,89,71,0.4,1
WR,Jocquise Earley,26,2014,79,87,89,83,90,80,1.8,3
WR,Traco Wood,23,2017,87,89,91,88,89,90,2.8,5
OL,Harry Sampson,26,2015,74,62,80,89,79,77,0.4,1
OL,Brian Corbin,26,2015,62,59,83,82,74,71,0.3,1
OL,Axel Greer,27,2014,82,86,90,87,73,73,1.7,3
OL,Keegan Ruark,27,2015,82,87,85,87,84,80,1.1,4
OL,Don Muhlbach,37,2004,63,82,84,77,62,52,0.7,1
OL,Don Barclay,29,2012,81,75,87,82,73,69,0.9,2
OL,Kenney Brienza,22,2019,81,78,88,85,88,81,1,5
OL,Jakwaize Walker,24,2015,88,92,88,89,87,86,1.3,5
OL,Emmett Cleary,28,2013,61,52,87,81,78,75,0.4,1
OL,Graham Nolan,26,2016,73,74,89,84,74,74,0.5,2
OL,Blake Flemming,24,2016,89,86,90,90,84,84,1.5,2
K,Jake Cirame,26,2015,64,66,84,96,86,66,1,3
K,Kitt Pilgrim,24,2017,87,89,74,90,95,69,1.9,5
S,Corbin Conley,25,2016,86,76,88,85,87,87,1,1
S,Tavon Wilson,28,2012,86,83,92,85,87,73,1.8,5
S,Glover Quin,32,2009,78,90,89,88,86,73,0.5,2
S,Kam Flowers,23,2018,86,89,84,88,96,94,1.3,5
CB,Dajon Kulick,23,2017,70,63,88,80,87,72,1,2
CB,Joey Harrison,27,2014,78,78,89,86,90,78,0.5,1
CB,Cree Ford,24,2017,84,86,86,91,94,72,1.5,5
CB,Kevion McGee,26,2014,86,71,82,86,91,78,2,5
CB,Awni Adams,21,2019,93,86,89,91,97,67,1.4,5
CB,Jamal Agnew,23,2017,72,51,85,81,93,76,0.4,2
DL,Vince Keel,31,2009,70,79,88,84,86,89,1.5,1
DL,Pennamon Smith,30,2010,75,84,91,94,92,81,1.8,1
DL,Larance Shaw,27,2013,85,77,86,91,91,82,1.2,5
DL,Kobe Wren,26,2015,76,68,76,88,84,84,1.2,1
DL,Jacquies Smith,28,2012,69,73,78,72,73,82,0.3,1
DL,Shareef Loveless,24,2018,90,82,82,92,87,96,1.1,5
DL,Marcus Stapleton,23,2018,80,82,90,88,86,93,0.4,3
DL,A'Shawn Robinson,24,2016,78,71,89,86,89,81,1.1,1
DL,Jeremiah Ledbetter,24,2017,77,63,85,83,84,83,0.4,2
DL,Tuvone Rollerson,22,2019,79,62,85,88,86,80,0.5,4
LB,KDarius Warren,26,2014,70,76,83,87,85,73,0.5,2
LB,Zarak Scruggs,28,2012,85,83,88,91,93,85,1.5,2
LB,Jamiyus Mack,23,2018,97,83,89,91,90,90,2.2,5
LB,Steve Longa,24,2016,62,50,89,85,85,73,0.3,1
LB,Cyrus Dickerson,31,2009,77,76,82,89,89,84,1.5,3
LB,Jalen Reeves,23,2017,78,62,84,77,76,79,0.5,2
END_PLAYERS
######################################################################  PACKERS
Green Bay Packers,GB
QB,Shaun Garcia,28,2011,96,96,94,97,94,71,3.4,5
QB,Nicco Ruff,25,2015,77,58,88,91,74,75,0.4,1
QB,Joe Callahan,25,2016,67,53,89,85,75,61,0.3,2
QB,Sam Washington,24,2016,72,92,90,90,87,72,2.5,5
RB,Lamarcus Dalton,29,2012,75,84,82,67,82,63,0.4,1
RB,Kareem Nation,34,2005,83,91,83,99,90,81,2.5,5
RB,Dontae Strickland,26,2014,81,63,86,84,88,83,0.5,3
RB,Javaunie Ojoh,22,2019,98,88,86,97,96,92,1.4,5
RB,Kelvin Jones,24,2017,86,81,82,82,89,85,0.4,3
WR,Jamario Bell,25,2014,97,87,89,98,91,84,2.9,9
WR,Lance Kendricks,30,2011,71,79,89,78,82,74,0.5,1
WR,Kelcie Levigne,29,2010,84,90,89,97,89,77,1.5,5
WR,Keisean Cassidy,28,2012,74,83,87,90,89,81,0.8,2
WR,AJ Howard,24,2016,79,76,82,83,78,75,0.9,2
WR,Teddy Baldwin,22,2019,83,80,86,90,90,77,1,4
WR,Tae Kirch,28,2012,73,71,84,82,87,77,0.3,2
WR,Trevor Davis,25,2016,73,68,85,78,92,72,0.4,2
OL,Dana Graham,29,2010,76,86,86,88,74,87,2,2
OL,Jae Bannister,29,2012,66,84,87,87,80,77,1.5,1
OL,Phoenix Whittaker,24,2017,89,98,83,90,87,97,2.5,5
OL,Ryker Parrish,27,2015,72,83,85,87,79,75,1.5,2
OL,Chris Miller,27,2014,76,88,85,91,79,75,0.5,5
OL,Vika Leiato,22,2019,96,66,84,97,85,97,1.5,5
OL,Justin McCray,26,2014,76,66,80,89,77,72,0.3,1
OL,Clayton Collins,24,2018,74,76,92,93,81,89,1,3
OL,Derek Hart,26,2017,63,53,86,68,45,67,0.3,3
OL,Lucas Patrick,25,2016,76,62,84,81,78,72,0.3,2
K,Will Vanvick,28,2012,84,79,87,94,84,59,1.2,2
K,John Domit,29,2013,77,85,78,93,81,55,0.3,2
S,Malique Fleming,28,2011,96,94,86,87,90,98,3.9,5
S,Navaughn Shallman,26,2014,77,84,90,86,87,80,1.3,1
S,Jermaine Whitehead,25,2015,68,51,86,79,89,53,0.3,1
S,Marwin Evans,25,2016,66,54,87,82,90,64,0.3,2
S,Jon Jones,24,2017,71,71,88,85,92,77,0.8,3
CB,Davon House,29,2011,67,74,86,83,89,60,0.5,2
CB,Lucius Jett,30,2011,71,71,90,84,87,79,0.7,1
CB,Jayvion Leach,29,2012,79,72,87,86,90,70,0.8,1
CB,Connor Tauaalo,22,2018,90,89,84,93,93,67,0.3,5
CB,Andre Edwards,26,2014,72,69,86,86,91,74,0.5,3
CB,Lenzy Pipkins,25,2017,72,54,78,79,90,69,0.3,3
CB,Donatello Brown,27,2017,63,49,88,79,89,53,0.3,3
DL,Deontay Fuller,21,2019,80,73,78,86,80,91,0.5,4
DL,Tyrae Simmons,24,2016,74,77,78,87,87,78,1.7,2
DL,Rhakim Gill,27,2014,76,92,87,94,95,87,2,5
DL,Ira Gibbs,29,2010,72,68,89,97,88,80,1.1,2
DL,Terronne Henderson,24,2016,75,62,89,86,89,84,0.5,2
DL,Shaun Cage,24,2018,86,88,92,92,86,93,0.4,5
LB,Calvon Brooks,34,2006,70,76,88,69,79,76,1.1,1
LB,Shane Flowers,28,2013,79,85,91,83,87,83,2.4,2
LB,Devon Rizzo,28,2012,79,83,88,82,85,89,2.3,5
LB,Chris Tui,25,2014,93,93,86,94,90,90,3,5
LB,Joe Thomas,27,2014,82,77,87,80,80,81,0.4,1
LB,Kyler Fackrell,27,2016,73,63,84,83,82,78,0.5,2
LB,Vince Lovett,25,2017,74,62,83,79,81,77,0.5,2
LB,Chris Odom,24,2017,64,49,85,77,80,70,0.3,2
END_PLAYERS
######################################################################  VIKINGS
Minnesota Vikings,MIN
QB,Sam Mouhon,31,2010,76,86,85,90,84,50,1.8,1
QB,Kyle Green,24,2017,74,61,90,89,76,71,0.3,2
QB,Rory Coppola,30,2011,89,95,94,92,93,71,3.5,5
QB,Neiko Sawicki,24,2016,75,81,86,87,79,50,1.3,2
RB,Detrez Newsome,26,2015,87,85,90,98,90,80,3.8,5
RB,CJ Ham,25,2016,70,66,85,77,83,82,0.3,1
RB,Micah Byrd-Brown,24,2017,74,77,86,87,90,89,1.4,2
RB,Kenzie Phillips,26,2014,66,58,88,80,87,81,0.3,2
RB,Deontay Townsend,28,2013,80,84,82,85,92,88,2.4,2
RB,Jonya Boyd,25,2015,75,87,83,86,96,88,1.5,5
WR,Cudjoe Young,23,2017,82,73,88,90,87,78,0.5,2
WR,Marcus Platt,24,2018,91,86,80,94,86,91,0.9,5
WR,Aharown Bryan,27,2014,70,75,92,80,91,78,0.7,2
WR,Cordell Boothe,29,2012,63,67,86,84,89,81,1.8,2
WR,Bandit McConnico,25,2016,84,82,86,94,84,80,1.5,5
WR,Oday Hayes,25,2016,84,90,80,91,91,80,2.4,1
WR,Stacy Coley,24,2017,64,56,81,83,91,75,0.4,2
WR,Jack Beck,33,2007,85,90,74,92,77,75,2.1,2
OL,Aviante Collins,25,2017,72,49,84,86,74,72,0.3,2
OL,Rashod Hill,26,2016,65,53,86,78,74,75,0.3,1
OL,Chris Hale,31,2010,76,84,86,89,78,77,1.3,2
OL,Taron Hampton,25,2015,83,79,94,85,80,78,1.4,4
OL,Dace Dunlap,27,2014,78,79,84,85,74,78,1.3,5
OL,Danny Kulka,22,2018,82,80,85,90,84,92,1.5,5
OL,Jared Spyne,22,2019,83,66,90,91,83,73,1,4
OL,Nick Easton,26,2015,69,69,87,82,72,75,0.3,1
OL,Aden Berger,27,2014,75,60,84,85,78,74,0.9,2
OL,Matt Kaskey,26,2015,73,74,91,88,74,72,0.7,2
K,Steven Witchoskey,24,2016,93,89,85,93,94,59,1.5,5
K,Ethan Cox,29,2010,64,64,83,85,87,64,0.3,2
S,Anthony Harris,27,2015,80,70,83,83,87,57,0.3,5
S,Creed Ruffolo,27,2013,85,87,89,92,93,79,2.5,5
S,Jayron Kearse,24,2016,65,57,89,77,85,69,0.4,1
S,Andrew Sendejo,31,2010,64,77,84,80,83,76,0.4,2
CB,Trae Waynes,26,2015,81,76,88,86,94,59,1.1,1
CB,Bailey Sutton,22,2018,84,74,81,85,96,73,1.3,5
CB,Davion May,27,2014,80,88,88,92,91,67,1.5,5
CB,Mackensie Alexander,25,2016,83,70,85,85,90,53,0.8,1
CB,Sean Rusnak,26,2014,78,87,86,87,87,72,2.2,2
CB,LeeRon Borowick,24,2016,73,78,87,86,88,68,0.5,1
DL,Cam Cain,24,2017,75,80,84,97,97,82,2,5
DL,Ousmane Ezirike,24,2019,90,70,80,98,94,86,1.4,5
DL,Ramero Rock,26,2014,78,86,81,85,88,89,1.4,2
DL,Daviyon Dunaway,21,2019,85,73,90,96,88,82,1.4,4
DL,Yogi Colquitt,27,2014,77,73,87,85,85,78,1.5,1
DL,Danielle Hunter,24,2015,80,77,84,79,81,89,0.5,1
DL,Stephen Weatherly,24,2016,70,50,86,78,80,85,0.3,1
DL,Omari Thompkins,25,2016,75,62,89,82,84,83,0.5,3
DL,Tashawn Bower,24,2017,67,49,84,77,79,82,0.3,2
LB,Shai Thomas,21,2019,78,77,83,83,83,88,0.5,4
LB,Ryan Rono,24,2017,89,85,84,97,94,89,2.1,5
LB,Kage Hendrix,25,2016,86,84,83,83,82,85,1.1,1
LB,Michael Lawson,25,2016,90,88,90,88,85,89,1.4,1
LB,Ben Gedeon,24,2017,79,67,93,78,81,78,0.5,2
LB,Eric Wilson,24,2017,69,50,87,81,81,79,0.3,2
END_PLAYERS
######################################################################  COWBOYS
Dallas Cowboys,DAL
QB,Beau Dillon,25,2014,88,86,93,93,87,79,3.5,5
QB,Codie Brooks,25,2017,77,62,91,88,75,51,1.3,2
QB,Alex Andreassen,22,2019,72,86,79,90,80,74,1,4
RB,Kyler Day,28,2013,69,66,87,79,86,80,0.4,1
RB,Lamar Woods,26,2014,80,76,83,86,77,71,0.4,2
RB,Koi Freeman,29,2011,68,80,93,87,87,82,1.3,1
RB,Jawill Jones,21,2019,86,85,77,82,96,84,1.5,4
RB,Ka’ron Kreski,24,2016,88,86,92,87,94,94,2,5
WR,Emile Sides,26,2015,73,61,90,83,89,79,1.8,2
WR,Akia Smith,22,2017,86,76,84,86,97,90,1.4,5
WR,Lunior Marsh,23,2018,86,87,85,86,93,84,0.8,5
WR,JaTaveon Mack,24,2016,84,80,88,92,85,79,1.3,1
WR,Jason Maginn,36,2003,56,97,94,93,77,72,0.5,4
WR,Dijon Profit,26,2013,89,88,89,97,92,89,3.8,5
WR,Milan Horne,29,2012,72,86,91,87,88,80,2.5,1
WR,Damari Cooley,26,2011,75,79,82,81,92,74,0.8,1
WR,Dean DeBiase,24,2018,90,86,79,94,82,79,0.9,5
OL,Demon Taylor,25,2015,97,86,94,93,93,96,3.5,5
OL,Joe Looney,28,2012,67,66,86,82,78,72,0.5,1
OL,Max Smyth,21,2019,76,85,85,86,79,86,0.5,4
OL,Ryan Evans,28,2011,86,97,87,89,78,85,2.5,4
OL,Jonathan Cooper,28,2013,69,69,79,88,77,73,0.5,1
OL,Mason Zandi,27,2013,96,95,96,92,88,88,3,5
OL,Rylee Penkalski,26,2014,83,74,84,91,74,75,1.3,3
OL,Chaz Green,26,2015,82,73,81,76,73,76,0.5,1
OL,Kris Mock,28,2012,84,74,88,88,77,75,1.9,2
K,Camron Milani,23,2018,87,92,84,90,97,82,0.5,5
K,Beau Magee,30,2011,71,71,84,92,95,71,1.4,3
K,Von Blanco,30,2011,70,69,81,93,92,69,1,2
S,Xavier Woods,23,2017,76,68,89,82,89,73,0.4,2
S,Kavon Frazier,24,2016,75,63,91,82,86,78,0.4,1
S,Zohn Berry,28,2013,96,97,89,91,90,96,3.5,5
S,Jeff Heath,27,2013,71,72,87,83,89,67,0.4,2
CB,Drewshawn Miller,25,2015,85,74,91,85,89,76,0.5,1
CB,Tijuan Quarles,24,2017,77,68,88,83,91,78,0.8,2
CB,Deondre Singleton,29,2011,85,77,90,87,95,63,2.4,2
CB,Chance Steverson,23,2017,98,81,83,99,97,74,2.5,5
CB,Aidan Rosa,22,2018,97,84,87,95,95,75,1.4,5
DL,Ronan Monday,30,2011,95,90,85,96,93,95,3.7,5
DL,Jango Maddox,24,2017,79,64,90,79,84,91,2,2
DL,David Irving,25,2015,74,78,84,73,77,87,0.4,1
DL,Ben Tui,26,2015,96,86,85,94,86,95,3.5,8
DL,DeMarcus Lawrence,26,2014,84,84,86,79,82,88,1.2,2
DL,Malik Tackett,29,2012,79,86,82,91,90,84,2,3
DL,Charles Tapper,25,2016,73,57,90,80,85,86,0.5,1
DL,Alexy Wood,26,2015,82,76,87,84,86,86,2.7,2
DL,Lewis Neal,24,2017,73,50,87,80,81,79,0.3,2
LB,Knikeem Mitchell,21,2019,96,73,81,90,92,94,1.5,4
LB,Masai Whyte,29,2012,79,97,85,95,88,84,1.5,2
LB,Tyarise Stevenson,24,2016,79,76,88,83,76,82,1.2,1
LB,Kyle Wilber,29,2012,62,72,83,80,80,79,1.1,1
LB,Anthony Hitchens,26,2014,78,80,92,81,82,83,0.5,1
LB,Damien Wilson,25,2015,77,73,86,82,81,80,0.5,1
LB,Stephen Bennett,27,2012,88,79,92,89,88,87,2.4,5
LB,Justin March,25,2015,81,69,82,82,81,79,0.3,1
END_PLAYERS
######################################################################  GIANTS
New York Giants,NYG
QB,Jude Guthrie,27,2013,78,86,97,84,88,73,1.5,2
QB,Kodi Affleck,26,2016,83,86,90,96,83,69,2.5,5
QB,Smiley Olson,23,2018,86,94,85,86,96,89,0.5,5
RB,Shane Vereen,29,2011,74,80,87,79,88,81,1.2,2
RB,Ayren Johnson,25,2015,88,77,88,89,94,89,2.5,5
RB,Theo Kearney,27,2013,74,78,84,82,89,83,0.4,2
RB,John Beckley,23,2017,95,85,87,98,95,85,2.5,5
RB,Jakolbi D’Nard,22,2019,74,77,79,72,94,76,1,4
WR,Deion Hook,26,2014,96,86,90,97,94,85,3.1,8
WR,Lamarcus Stewart,28,2013,71,64,85,77,89,81,0.4,1
WR,Michael Handy,30,2010,74,84,93,85,86,83,1.9,1
WR,Torin Smith,25,2016,93,86,89,88,90,80,1.3,5
WR,Roger Lewis,25,2016,73,68,85,78,91,77,0.3,1
WR,Shawnte Holton,27,2014,84,79,83,77,84,70,0.8,5
WR,Sean Ragan,24,2017,76,71,85,83,90,85,1.5,2
WR,Jamie Deveau,21,2019,75,84,85,85,90,76,0.5,4
OL,Clay Kuerschen,23,2018,81,79,83,89,87,90,0.3,5
OL,Kyle Zenon,27,2014,81,89,90,89,77,74,1.9,5
OL,Bankston Czack,30,2012,74,83,74,88,75,73,1.5,2
OL,TyKee McNeal,22,2018,84,80,89,89,94,88,0.7,3
OL,Efren Koch,29,2011,97,85,87,97,93,99,3.7,5
OL,Nate Velichko,28,2012,83,86,87,88,82,73,2.7,2
OL,Bobby Hart,24,2015,80,78,85,84,74,72,0.4,1
OL,Forrest Cooper,25,2015,76,74,86,90,72,73,0.5,2
OL,Chad Wheeler,24,2017,81,63,83,80,72,73,0.3,2
CB,Orlando Jordan,24,2018,91,81,89,95,92,77,1.5,5
CB,Damarko Connor,26,2015,71,76,89,87,90,66,1.1,2
CB,Lucien Foote,31,2009,75,91,82,93,93,54,1.4,1
CB,Veshone West,28,2013,84,89,91,91,91,77,2.7,3
CB,Tai James,21,2019,94,86,90,94,94,82,1.2,5
K,Koen Alvarado,27,2013,73,53,76,89,80,53,0.3,1
K,Ryan Kopec,29,2011,73,82,83,91,82,62,1,2
S,Darian Thompson,25,2016,80,71,87,82,86,77,0.5,1
S,Tyreic Martin,26,2015,97,89,88,94,96,88,3.5,5
S,Nat Berhe,27,2014,69,60,87,80,87,67,0.4,1
S,Dakoda Allen,22,2018,96,92,86,97,94,78,2.5,5
S,Andrew Adams,25,2016,81,66,87,81,88,68,0.3,1
DL,Devondre Justice,29,2010,85,87,87,85,92,92,2.3,3
DL,Harrison Strange,29,2012,95,88,85,96,93,98,3.5,5
DL,Corbin Bryant,30,2011,59,67,83,86,84,78,0.5,1
DL,Devin Taylor,29,2013,68,69,85,73,75,82,0.5,1
DL,Olivier Vernon,28,2012,85,87,91,83,87,87,1.3,3
DL,Jay Bromley,26,2014,72,69,85,85,83,80,0.5,1
DL,Kerry Wynn,27,2014,75,65,85,86,85,79,1.1,1
DL,Kane Brenna,26,2014,75,58,78,94,88,71,0.3,2
DL,KJ Grimes,29,2012,79,79,85,86,89,80,0.9,3
DL,Avery Moss,24,2017,67,53,84,77,81,88,0.4,2
LB,Connor Kamczyc,27,2014,94,78,83,96,94,79,3.5,5
LB,Curtis Grant,26,2015,61,56,81,77,80,75,0.3,1
LB,Mark Herzlich,31,2011,63,75,87,78,80,75,0.5,1
LB,JT Thomas,30,2011,61,69,85,79,75,78,0.3,1
LB,Devon Wolf,28,2013,86,85,84,93,90,84,1.5,2
LB,Deontae Skinner,28,2014,69,62,86,77,73,74,0.4,1
LB,Marcus Smith,26,2014,83,67,87,85,88,79,0.5,2
LB,Calvin Munson,24,2017,68,62,87,82,83,74,0.3,2
END_PLAYERS
######################################################################  EAGLES
Philadelphia Eagles,PHI
QB,Holman Johnson,28,2013,67,71,84,90,77,45,2.1,1
QB,Tyriek Starks,25,2014,95,87,92,87,94,98,3.5,5
RB,Corey Wilson,24,2017,76,59,85,85,87,84,0.3,2
RB,Wendell Smallwood,24,2016,74,72,89,82,91,84,0.4,1
RB,Dandre Friedman,27,2014,75,76,92,74,86,82,1.5,2
RB,Zack Lebron,28,2011,97,84,81,93,96,99,3.4,5
RB,Markus Gates,28,2013,70,74,89,75,92,83,0.4,1
RB,Deiontae Knight,30,2011,86,96,88,85,93,88,2,5
WR,Shelton Gibson,23,2017,66,56,85,81,93,78,0.4,2
WR,Taylen Solo,27,2015,79,89,86,91,82,78,2,3
WR,Levonta Black,24,2018,88,81,84,91,86,79,0.5,3
WR,Taje Allen,25,2015,83,78,86,82,91,82,1.2,1
WR,Seth Hill,27,2012,94,85,90,97,94,83,3.3,5
WR,Halen Zobrest,28,2013,87,95,87,93,80,77,2,3
WR,Ry'mone Mosley,28,2012,74,86,87,85,75,71,1.2,1
WR,Devin Silver,29,2011,75,78,91,90,84,79,2,2
OL,Halapouliva Vaitai,25,2016,77,67,89,82,74,73,0.4,2
OL,Rick Lovato,26,2015,67,59,87,72,51,69,0.3,1
OL,Aidan Lautanen,23,2018,82,82,88,90,83,94,0.4,5
OL,Destin Jeske,28,2013,75,86,83,95,82,86,1.1,3
OL,Jayme Kahlil,24,2018,96,90,92,95,98,84,1.9,5
OL,Ean Henessee,27,2015,76,86,82,85,98,76,0.5,2
OL,Jayson Wetzel,29,2011,74,95,89,95,85,88,1.7,2
OL,Micah Jarrett,26,2015,85,90,90,88,87,86,1.9,5
OL,Morian Kramer,27,2013,75,72,91,92,74,76,0.5,1
OL,Isaac Seumalo,25,2016,84,73,85,84,73,75,0.5,5
K,Justin Kovac,30,2010,87,78,78,97,86,58,0.4,5
K,Donnie Jones,38,2004,56,64,81,85,81,64,0.9,1
S,Jayvaun Rhame,22,2019,77,87,89,83,87,93,0.5,4
S,Rodney McLeod,28,2012,76,81,88,86,85,73,1.1,3
S,Jaylen Watkins,27,2014,71,70,89,82,91,64,0.4,2
S,Vohn Keith,31,2009,86,82,95,89,86,88,3.1,5
CB,Tijani Pierre,24,2016,77,66,82,82,90,78,1.3,1
CB,Rasul Douglas,25,2017,76,68,88,80,87,75,0.5,2
CB,Veion Bailey,25,2015,88,81,81,90,93,79,2.1,5
CB,Dexter McDougle,27,2014,62,57,79,81,91,61,0.4,1
CB,Patrick Robinson,31,2010,73,82,84,86,88,68,0.5,2
CB,Toki Adeosun,23,2017,82,76,85,85,90,87,0.4,5
DL,Ulisis Barann,23,2019,88,87,89,93,93,89,1.4,4
DL,Victor Bell,29,2011,79,89,87,86,90,91,1.5,1
DL,Andre Burkley,23,2018,77,77,80,89,90,92,0.5,3
DL,Taison Hyde,24,2016,92,85,88,89,94,90,2.5,5
DL,Ulonzo Gilliam,22,2019,94,75,86,98,93,85,1.9,5
DL,Kurt Viges,27,2013,78,86,84,86,88,84,0.9,4
DL,Beau Allen,27,2014,73,76,87,88,88,74,0.3,1
DL,Destiny Vaeao,24,2016,77,63,82,84,85,78,0.3,1
DL,Derek Harper,23,2017,75,68,85,87,86,83,1,2
DL,Shyheim Cullen,28,2012,87,75,89,98,90,80,2.4,3
LB,Aaron Murillo,29,2011,83,86,85,93,90,91,2.3,2
LB,Deon Capps,29,2012,75,87,93,84,81,87,1.7,2
LB,Frankie DelToro,21,2019,84,65,85,83,84,89,1,4
LB,Davion Sheppard,28,2013,89,86,81,96,92,86,2.5,5
LB,Kamu Hill,24,2016,61,49,91,78,78,79,0.4,1
LB,Joe Walker,26,2016,63,55,89,84,83,78,0.4,1
LB,Minh Dyer,27,2013,74,59,85,74,75,77,0.8,3
END_PLAYERS
######################################################################  REDSKINS
Washington Redskins,WAS
QB,Ryan McCormac,25,2016,75,78,92,86,83,64,2.2,1
QB,Jordan Becker,26,2014,79,84,90,92,85,71,2.3,1
QB,Riyan Allen,22,2019,97,91,80,98,92,80,2.5,5
RB,Camren Hobbs,27,2013,83,69,84,89,78,75,1.4,
RB,TK Powell,26,2014,96,86,71,99,93,81,2.5,5
RB,JeanBaptiste Jones,24,2016,93,82,88,98,92,86,2.8,5
RB,Akili Jackson,25,2015,85,77,85,80,96,82,2,2
RB,Nakia Neal,21,2019,79,75,84,75,96,83,0.5,4
WR,Barkley Zyks,28,2012,79,84,87,91,87,78,1.8,2
WR,Malachi Broadnax,24,2016,86,83,88,94,81,80,1.4,1
WR,Kiki Hill,26,2013,92,84,83,94,96,87,3,5
WR,Dereon Lara,29,2012,62,73,86,85,87,81,0.5,1
WR,Ryan Grant,28,2014,82,77,84,82,88,74,0.8,2
WR,Cruz Foley,27,2015,83,84,89,87,91,80,1.5,1
WR,Domo Taylor,24,2016,84,78,86,89,89,81,2.3,2
WR,Karl Otte,22,2019,85,84,86,94,80,75,1,4
OL,Shawn Lauvao,31,2010,76,80,87,86,75,73,1.1,2
OL,EJ Mahoni,24,2017,78,77,80,84,82,77,0.4,2
OL,Nick Sundberg,31,2009,65,65,79,69,67,64,0.7,3
OL,Efrain Faber,27,2012,95,95,89,95,95,93,3.2,5
OL,Broedy Rohr,26,2014,78,85,79,88,74,78,1,2
OL,Xander Blake,26,2014,79,86,84,89,87,74,2.2,4
OL,Alec Faber,27,2012,92,90,88,92,95,92,3.5,5
OL,TJ Clemmings,27,2015,74,72,88,85,73,71,0.5,1
OL,Chase Roullier,25,2017,67,57,89,85,77,73,0.4,2
OL,Tyler Catalina,25,2017,75,56,87,81,77,71,0.3,2
K,Darrick Fiore,30,2011,82,90,83,94,94,60,1.1,5
K,Drake Elkins,24,2016,69,50,68,50,88,50,0.3,2
S,Caleb Ferguson,25,2014,86,83,84,87,88,88,2.2,5
S,DJ Swearinger,27,2013,81,83,91,85,83,65,0.5,2
S,Montae Nicholson,23,2017,84,69,83,83,92,68,0.5,2
CB,Rahil Casey,30,2012,77,95,94,90,88,77,1.8,3
CB,CJ Cole,23,2018,75,78,85,86,89,77,0.5,3
CB,DyShawn Holloway,21,2019,87,78,86,90,88,86,1.3,5
CB,Kyvaunce Pearcey,23,2016,88,76,84,90,90,77,0.5,2
CB,Datreon Gray,25,2015,68,64,85,85,94,74,0.5,1
CB,Joshua Holsey,25,2017,75,53,83,79,90,68,0.4,2
LB,James Blake,25,2015,79,89,92,83,88,79,2,2
LB,Tarik Hudson,23,2018,92,83,85,93,86,85,0.5,5
LB,Raffiel Reid,27,2014,76,85,88,85,82,78,0.9,2
LB,Sammy Lambert,29,2012,91,95,83,97,94,89,3,5
LB,Trent Murphy,28,2014,75,80,88,79,84,80,0.9,1
LB,Will Compton,29,2013,62,74,88,82,81,81,1.1,1
LB,Preston Smith,26,2015,77,73,85,80,84,79,0.5,1
LB,Ryan Anderson,24,2017,73,65,88,83,86,74,1.1,2
LB,Josh Harvey,24,2017,73,62,85,79,77,77,0.4,2
LB,Josh Zellars,25,2015,96,87,92,95,89,94,3.5,5
DL,Draeland Gibson,30,2011,74,68,77,88,88,80,1.5,2
DL,Tonell Link,30,2011,74,77,77,89,88,78,0.9,3
DL,Jim James,26,2015,93,78,86,94,89,93,2.5,5
DL,Ziggy Olson,31,2009,62,73,82,88,84,80,0.9,1
DL,Keiwone Walters,23,2018,95,82,80,89,85,96,2.5,5
DL,DLon Decker,24,2016,88,73,89,93,89,94,0.8,5
DL,Anthony Lanier,25,2016,64,53,86,72,75,82,0.3,1
DL,Fazio McVey,23,2017,84,76,84,85,86,84,2.7,2
END_PLAYERS
######################################################################  FALCONS
Atlanta Falcons,ATL
QB,Adam Beck,26,2014,95,90,96,98,91,72,3.8,5
QB,Camden Makransky,26,2015,82,88,85,82,76,38,1.4,1
RB,Jett McCoy,28,2013,74,68,87,82,87,85,0.3,2
RB,Tycen Mills,28,2012,83,83,85,87,94,89,0.5,1
RB,Khris Francis,27,2013,89,88,91,91,94,93,3.1,5
RB,Marcos Jackson,28,2012,76,68,86,80,88,76,0.4,2
WR,Samee Markham,22,2019,76,70,88,76,92,80,0.5,4
WR,Eric Saubert,24,2017,76,55,88,75,83,77,0.4,2
WR,Devin Fuller,24,2016,66,55,86,74,93,72,0.4,1
WR,Gehrig Dieter,29,2012,86,84,79,86,95,78,1.8,2
WR,BB Highshaw,26,2015,79,75,87,81,86,75,1.3,1
WR,Rizonn Hendricks,29,2012,83,87,91,93,88,82,2.7,3
WR,Ceth Cofield,27,2013,79,79,80,78,76,66,1.5,2
WR,Jalen Grant,23,2017,74,79,88,79,93,81,0.4,2
WR,Coree Compton,28,2012,80,81,92,91,91,88,2,3
WR,JoJo Ellington,22,2019,95,81,89,96,91,89,1.5,4
WR,Joeal Moss,24,2018,92,85,89,92,89,93,1.5,5
OL,Wes Schweitzer,25,2016,69,65,88,81,75,72,0.4,2
OL,Damien Streeter,26,2014,78,83,94,86,86,76,2.5,1
OL,Kole Mangen,28,2014,89,88,88,93,91,85,2.5,5
OL,Josh Harris,29,2012,68,62,89,64,61,66,0.5,1
OL,Austin Pasztor,28,2012,69,75,85,83,75,82,0.5,1
OL,Ben Levine,25,2014,83,88,92,88,87,78,1.7,5
OL,Ross Trail,23,2018,82,78,89,88,82,90,0.4,3
OL,Cole Lefebvre,28,2014,87,97,94,91,98,88,2.8,5
OL,Teko Tuihalamahka,23,2018,94,86,85,95,83,92,1.7,5
OL,Colt Cribb,27,2013,76,62,86,86,80,76,1.1,3
K,Kian Gallego,23,2018,86,90,85,91,92,84,2.1.4,5
K,Abel Brady,33,2008,62,70,75,86,92,86,0.9,1
K,Mark Czeisler,23,2017,76,69,88,92,88,69,1,2
S,Sharrod Neasman,27,2016,59,52,86,77,83,71,0.3,1
S,Dejion Lynch,30,2009,97,86,91,85,90,99,3.5,5
S,Kemal Ishmael,27,2013,77,73,85,82,85,77,1.5,1
S,Ricardo Allen,27,2014,86,81,91,88,89,68,0.4,2
S,N’Keal Sherard,25,2017,79,66,89,82,88,68,0.4,2
CB,Tyrell Frazer,28,2013,80,76,82,87,90,70,2.1,1
CB,Calvin Cook,28,2013,88,92,87,92,92,85,2.5,5
CB,Vondell James,28,2013,88,77,83,90,93,61,1.9,5
CB,Nesean McFall,21,2019,82,87,83,90,93,68,1.5,4
CB,CJ Goodwin,28,2014,72,60,84,83,91,48,0.3,1
CB,Brian Penman,26,2016,76,81,85,82,89,79,0.3,1
DL,Avondre Farris,30,2010,81,76,87,92,91,77,1.5,2
DL,Joneil Wilson,28,2013,76,79,84,84,85,85,1.5,2
DL,Brooks Reed,31,2011,73,79,88,76,83,89,0.5,2
DL,Dillon Vann,28,2012,92,89,92,95,94,92,3.5,5
DL,Courtney Upshaw,29,2012,69,71,93,81,84,84,0.8,1
DL,Derrick Shelby,29,2012,64,72,84,82,82,83,0.4,2
DL,Demarien Hanna,27,2013,84,84,80,89,89,83,1.2,2
LB,Khaleb Tiuli,21,2010,77,85,85,87,84,88,1,4
LB,LaRoy Reynolds,28,2013,73,61,84,78,83,78,0.9,1
LB,DaiShon Beasley,26,2015,75,83,84,78,84,88,0.5,1
LB,Terez Hall,27,2013,90,85,84,88,92,86,2.9,5
LB,Aaron Borg,26,2015,79,83,88,83,81,85,1,5
LB,Leonidas Copeland,28,2013,98,96,87,97,94,94,3.7,5
LB,Jermaine Grace,25,2017,74,60,84,77,81,79,0.3,2
END_PLAYERS
######################################################################  PANTHERS
Carolina Panthers,CAR
QB,Jacoby Jones,23,2017,91,88,97,90,93,96,3.1,5
QB,Daimion Judd,29,2011,71,85,91,85,84,38,1.9,1
QB,Garrett Gilbert,27,2014,58,47,84,85,71,55,0.3,1
RB,Jaelen Gilzene,22,2019,79,79,93,76,90,83,1,4
RB,Jack Dawson,24,2016,88,88,87,91,85,84,1.2,5
RB,JQ Merriel,29,2013,69,48,87,84,88,81,0.4,1
RB,Trumaine Burkley,24,2018,71,78,82,92,81,79,0.7,3
RB,Clévon Black,26,2013,87,88,85,87,92,90,2.4,5
WR,Neko Morris,27,2013,83,69,86,80,95,77,1,3
WR,RJ Nelson,25,2015,84,73,85,74,78,73,1.5,2
WR,Jakai Gill,26,2014,87,85,86,91,91,83,2.2,5
WR,Keshawn Norton,28,2013,77,58,81,73,91,75,0.5,2
WR,Brenton Bersin,28,2012,72,72,86,82,85,76,0.4,2
WR,Jaxen Hashley,23,2017,87,84,87,91,85,81,2.4,5
WR,Jayd Okoronkwo,23,2018,86,86,87,91,86,93,1.5,5
WR,Tameron Bick,24,2016,86,77,92,96,85,78,1,1
OL,Taylor Moton,24,2017,75,65,94,87,83,80,0.8,2
OL,Brian Brown,25,2015,70,69,88,93,82,74,0.7,2
OL,John Theus,24,2016,78,62,90,73,74,73,0.4,1
OL,Will James,25,2014,90,87,87,88,89,79,1.4,5
OL,Amini Silatolu,30,2012,66,69,87,87,75,75,0.5,1
OL,Matt Kalil,29,2012,70,78,90,89,73,73,1.1,4
OL,Greg Van Roten,28,2012,72,63,86,84,80,76,0.4,1
OL,Lawson Cook,26,2015,82,90,90,89,81,76,1.4,5
OL,Damare Garner,22,2019,88,76,85,87,86,86,1.4,5
OL,Josh Schroeder,27,2014,78,89,88,87,80,88,1.8,2
OL,Jake Daughtery,26,2015,83,75,85,87,81,79,0.5,1
K,Greg Jatis,23,2019,93,85,78,97,84,57,0.5,4
K,Austin Daulton,28,2012,72,56,80,97,85,56,1.5,5
S,Kurt Coleman,30,2010,77,84,87,84,85,69,0.5,1
S,Trejean Moffit,26,2014,75,71,89,85,84,73,0.9,2
S,Jhavonte Rowland,23,2018,90,86,84,88,86,92,1.5,5
S,Colin Jones,31,2011,63,62,82,82,90,68,0.7,1
CB,Daryl Worley,23,2016,73,75,89,83,86,70,0.5,1
CB,Kevon Seymour,25,2016,66,53,80,81,93,60,0.4,1
CB,Ja’Len James,24,2016,87,89,88,86,91,77,1.8,5
CB,Zane Millard,27,2014,78,68,86,82,88,77,0.9,2
CB,Zyrell Nimmo,28,2013,70,74,86,85,89,72,1.5,3
DL,Chaim Johns,27,2014,73,84,89,82,85,88,1.5,2
DL,Mario Addison,31,2011,72,86,85,76,80,84,1.1,2
DL,Charles Johnson,32,2007,74,86,86,82,83,84,0.4,1
DL,Datron Mckinley,21,2019,90,79,80,91,86,96,1.7,4
DL,Josh Neumann,24,2016,92,82,88,90,92,95,2.8,5
DL,Neko Mbah,26,2014,75,89,84,87,90,85,1.5,2
DL,Bryan Cox Jr.,24,2017,74,51,82,81,84,83,0.3,2
DL,Pheonte Mann,29,2011,76,71,87,83,86,88,0.9,2
DL,Daeshon Hall,23,2017,65,58,88,76,79,86,0.5,2
LB,Andrew Gachkar,30,2011,63,71,83,83,77,77,0.5,1
LB,Lawley Wolfe,28,2012,45,88,90,90,84,85,1.1,1
LB,Ben Jacobs,30,2011,68,68,89,78,76,75,0.5,1
LB,Zyrell Dickerson,27,2012,90,96,96,97,93,90,2,5
LB,Dandrae Pepper,26,2014,75,79,88,89,87,79,1.5,5
LB,David Mayo,25,2015,70,65,81,85,83,76,0.4,1
LB,Tyrece McSwain,24,2015,83,79,89,87,84,84,2,1
LB,Jared Norris,25,2016,70,50,88,78,80,73,0.3,1
END_PLAYERS
######################################################################  SAINTS
New Orleans Saints,NO
QB,Kyron Durst,27,2013,63,70,93,85,76,57,2,2
QB,Will Cruise,24,2018,77,87,84,90,89,78,0.3,5
QB,Killian Carter,22,2019,96,93,86,87,95,97,2,5
RB,Sonny Jones,26,2014,74,88,89,87,87,87,0.9,1
RB,Ajani Kagawa,22,2018,93,78,90,86,97,96,1.5,5
RB,Chris Urban,28,2012,74,84,82,75,90,84,1.4,2
RB,Sean Tuohy,27,2011,98,92,84,98,90,84,3.7,5
RB,Ty Queen,30,2009,73,82,82,77,90,81,0.7,2
WR,Ryan Bohanna,24,2018,97,88,81,92,98,84,1.8,5
WR,Michael Reeves,30,2010,65,78,82,79,77,64,1.1,1
WR,Jon Kanda,29,2012,84,82,84,88,93,78,1.5,3
WR,DeAnte Ward,24,2016,80,74,82,88,83,74,0.9,1
WR,Brandon Bourk,22,2017,78,77,83,87,87,78,0.3,2
WR,McKinze Marshall,21,2019,90,85,86,90,97,86,1.4,5
WR,Delashaun Merritt,24,2016,90,89,88,92,89,80,1.1,2
WR,Therran Coleman,26,2016,77,76,84,78,91,76,0.3,2
WR,Behr Cooper,27,2013,79,77,87,81,86,83,2.3,2
OL,Taison Manu,22,2017,74,84,92,89,74,81,2.3,2
OL,Seth Fuller,29,2011,81,89,89,89,84,75,2.1,1
OL,Ryan Butler,28,2012,87,89,83,88,83,94,3.1,5
OL,Jak Morgan,23,2018,84,83,90,93,83,94,1.3,5
OL,Brandyn Whiteside,27,2013,74,69,87,88,72,77,0.5,1
OL,Senio Kelemete,28,2012,72,73,85,86,73,78,0.9,1
OL,Bryce Harris,29,2012,74,65,86,82,82,75,0.5,2
OL,Andrus Peat,25,2015,78,78,81,86,80,72,0.7,1
OL,Hunter Townson,26,2014,84,75,91,88,78,78,2,3
OL,Zach Wood,25,2016,70,51,83,75,53,61,0.3,1
K,Nico Holbrook,32,2009,74,88,89,94,94,68,1.5,1
K,Donovan O’Neil,24,2016,68,60,78,96,88,60,0.3,2
S,Rafael Bush,31,2010,64,77,83,84,87,66,0.5,1
S,Raiden Rivas,27,2013,94,81,93,91,94,76,2.2,5
S,Chris Williams,28,2013,75,62,84,83,88,63,0.9,1
S,Vonn Bell,24,2016,86,73,87,82,88,76,0.8,2
S,Marcus Williams,22,2017,79,72,89,86,87,76,0.5,3
CB,Kristian Fulton,25,2015,81,65,88,83,90,81,1.8,2
CB,Kamrin Moore,26,2014,88,77,82,86,90,75,2.3,5
CB,De'vante Harris,25,2016,70,58,85,82,88,62,0.3,2
CB,Beckon Calloway,22,2019,80,74,88,85,91,77,0.5,4
CB,Jayson Brito,28,2012,87,73,79,88,94,78,2.7,3
CB,Jalani Clabough,22,2019,88,86,96,89,93,83,1.5,5
DL,Dylan Pack,27,2012,95,90,92,94,94,94,2.5,5
DL,Ukeme Reed,30,2011,83,79,88,88,89,84,1.4,5
DL,Matt Salazar,27,2013,85,78,92,76,77,81,2,2
DL,John Hughes,30,2012,69,70,83,85,86,78,0.5,1
DL,Barclay Miller,26,2015,75,76,81,91,86,77,1.5,2
DL,Sheldon Rankins,24,2016,80,74,89,86,87,86,3,2
DL,David Onyemata,26,2016,77,73,86,89,87,83,0.5,2
DL,Trey Hendrickson,24,2017,77,58,88,79,82,88,0.5,3
LB,Kinan Singletary,27,2013,85,80,88,86,81,80,1.7,5
LB,Joey Laufenberg,27,2013,98,79,88,96,97,84,3.5,5
LB,AJ Klein,27,2013,72,76,91,84,79,78,1.2,3
LB,Tyler Voyles,25,2015,81,78,86,86,80,78,1.2,1
LB,Michael Mauti,28,2013,80,72,80,86,85,74,0.7,2
LB,Dre Peppenger,22,2019,85,73,79,90,87,79,1,4
LB,Keenen Wade,24,2017,70,67,79,82,81,78,0.5,3
END_PLAYERS
######################################################################  BUCCANEERS
Tampa Bay Buccaneers,TB
QB,Rob Carino,24,2018,89,84,86,97,85,82,2.8,5
QB,Zack Hoff,25,2015,69,74,85,94,76,49,2.5,1
QB,Deighryon Tabb,26,2014,82,85,96,86,88,85,2.3,5
RB,Ja’Mario Ward,23,2018,86,79,88,94,87,83,1,5
RB,Cazz Martin,25,2015,81,78,87,94,87,88,1.7,2
RB,Brady Defoe,29,2012,79,83,89,81,94,92,1.3,3
RB,Chidozie Mbah,24,2016,81,66,86,83,90,81,0.3,1
RB,Tymar Sutton,24,2016,77,81,86,81,89,82,0.5,1
WR,Emoree Giddens,23,2017,92,83,84,92,97,84,2,5
WR,Sam Thomas,22,2017,85,89,91,88,88,83,1.7,5
WR,LJ Henderson,24,2017,71,68,94,82,87,80,0.5,2
WR,Tyler Vreen,22,2017,80,75,94,82,91,84,0.5,2
WR,Desharious Hight,25,2016,79,86,82,88,88,75,0.4,1
WR,Travius Harris,26,2013,73,76,84,78,89,79,0.9,2
WR,Jamahl Scott,24,2016,77,81,84,80,88,75,0.3,1
WR,Takulve Williams,25,2015,84,84,85,87,80,70,1.8,5
OL,Rion Rosko,23,2019,94,80,84,97,88,94,1.5,5
OL,Lemuel Couchman,26,2014,87,84,88,89,77,76,0.7,1
OL,Stephaun Carter,25,2015,89,83,87,86,87,93,1.5,1
OL,Drake Darden,25,2015,69,78,84,85,77,77,1,2
OL,Jesse Lane,21,2019,73,78,83,88,83,80,0.5,4
OL,Leonard Wester,25,2016,61,48,84,79,72,76,0.3,1
OL,Caleb Benenoch,24,2016,71,64,83,78,78,72,0.4,1
OL,Calin Criner,25,2015,90,87,86,88,81,77,0.7,5
OL,Kanaan Brock,25,2014,89,78,82,88,73,75,1,1
OL,Kevin Pamphile,28,2014,80,74,84,82,74,75,0.5,1
K,Josh McGlothlin,24,2016,88,86,90,95,94,70,2,5
K,Tripp Cannon,29,2012,60,48,78,92,80,48,0.5,1
S,TJ Ward,32,2010,73,81,93,84,87,75,1.1,1
S,Chris Conte,29,2011,74,81,87,83,86,63,1,1
S,Josh Robinson,27,2012,80,69,84,86,92,55,1,1
S,Keith Tandy,29,2012,73,76,91,85,87,69,0.5,2
S,Tavis Malakius,25,2017,90,82,89,84,87,92,1.5,2
CB,Kaelan Riley,27,2013,66,90,85,90,87,68,1.2,2
CB,Ezequiel Ashton,27,2013,64,71,84,84,87,66,0.5,1
CB,C’yontai Lawson,23,2016,86,68,88,90,90,79,2.4,5
CB,Ryan Smith,25,2016,71,58,85,81,90,63,0.5,1
CB,Javien Elliott,25,2016,67,61,85,79,86,74,0.3,1
CB,Kojo Bay,23,2019,95,83,88,96,97,91,2.3,5
DL,Luther Gibbs,36,2004,74,84,84,97,87,82,1,1
DL,Thurmond Spates,21,2019,83,63,82,98,84,74,1,1
DL,Jimarcus Trumble,27,2013,88,73,86,98,90,88,2,5
DL,Duron Lowe,24,2016,86,85,81,90,89,81,1.1,5
DL,Darryl Tapp,34,2006,45,75,87,71,77,82,0.5,1
DL,Cameron Hardy,26,2011,71,72,82,88,90,77,0.9,2
DL,William Gholston,27,2013,77,80,82,77,83,84,1,4
DL,Cage McDonald,23,2018,77,70,85,91,84,94,0.4,3
DL,Ryan Russell,26,2015,69,66,77,78,76,84,0.4,1
DL,Noah Spence,24,2016,81,71,85,80,81,88,1.3,1
LB,Makai Hinton,28,2012,89,88,95,89,84,88,1.5,5
LB,Kamari Rivers,27,2013,84,84,85,86,88,85,0.5,1
LB,Cameron Lynch,25,2015,74,58,88,76,82,75,0.5,1
LB,Durrell Tomlinson,23,2018,95,81,85,91,94,94,0.4,5
LB,Devante Bond,25,2016,75,63,84,74,77,78,0.4,1
LB,Vondell Keaton,28,2013,84,78,83,87,88,79,0.5,3
END_PLAYERS
######################################################################  CARDINALS
Arizona Cardinals,ARZ
QB,Hunter Eskola,25,2016,70,74,86,89,76,50,1.5,1
QB,Jack Davenport,29,2011,79,74,89,88,75,63,0.5,1
QB,Owen Rosenberger,24,2016,84,89,92,93,86,67,2.2,5
RB,Ibn Ray,22,2019,78,78,84,92,83,74,1,4
RB,Zoey Hood,22,2018,93,88,85,78,97,95,0.4,5
RB,Damarion Fisher,27,2015,85,87,91,84,92,90,2.5,5
RB,Chanson Akiona,23,2017,78,72,86,81,89,83,0.3,2
RB,Stephen Viegas,25,2015,73,74,82,90,74,78,1.4,2
RB,Elcee Benton,28,2012,76,84,90,85,87,86,1.3,1
WR,Devontae Geer,28,2013,73,79,88,86,81,80,1.2,3
WR,Josey Novil,22,2018,77,83,85,88,97,91,0.8,3
WR,Kivon Ellis,25,2015,77,81,82,88,94,83,1.9,2
WR,Terrell Webster,23,2019,79,78,64,96,88,86,0.4,4
WR,Dylan Kasl,24,2016,93,96,96,97,84,79,2,5
WR,Keshaun McGaugh,25,2015,80,79,84,88,91,81,1.1,2
WR,Zach Pfeifer,28,2013,72,78,77,84,83,75,0.4,1
WR,Ryan Curtis,29,2011,66,55,87,84,90,80,0.5,3
OL,Will Holden,25,2017,73,59,86,85,77,72,0.4,2
OL,Max Tuerk,24,2016,68,62,86,79,81,77,0.7,2
OL,Evan Boehm,25,2016,86,75,90,83,77,72,0.5,5
OL,John Wetzel,27,2013,75,67,83,86,79,71,0.3,1
OL,Earl Watford,28,2013,80,76,90,85,73,70,0.5,1
OL,Daquan Patten,27,2013,85,79,89,92,86,72,1.5,2
OL,Mac Morgan,22,2019,90,75,86,94,82,95,1.5,5
OL,Dayami Carrillo,26,2013,75,77,84,90,74,77,0.9,2
OL,Khalique Washington,26,2014,95,82,88,97,94,79,2.1,5
OL,Turner Owens,29,2011,81,86,88,87,74,72,1.3,1
OL,JB Jones,25,2015,76,68,86,88,81,73,1.5,2
K,Chad Kanow,26,2014,77,62,81,96,84,62,1.3,1
K,Cole Rosling,24,2016,88,85,78,92,93,65,1.1,5
S,Rudy Ford,24,2017,77,57,87,80,92,74,0.4,2
S,Connor Slayton,22,2017,73,65,89,82,91,72,1.5,2
S,Tyrann Mathieu,26,2013,84,85,85,89,90,74,0.3,4
S,Takota Anderson,23,2017,96,88,87,93,90,88,3,5
S,Antoine Bethea,34,2006,73,80,86,84,86,74,0.9,2
CB,Jamarco Callahan,26,2016,70,60,90,82,93,62,0.5,1
CB,Quandarius Burley,27,2014,74,72,87,88,87,74,1.2,1
CB,Tramon Williams,35,2006,68,75,90,85,84,59,1.5,2
CB,Cooper Cook,24,2016,76,88,93,90,90,71,2.5,5
CB,Tison Marr,21,2019,93,87,80,92,96,80,1.3,5
DL,Joey Hale,35,2006,73,82,84,80,86,83,1.7,1
DL,Ramon Nixon,30,2010,75,86,82,88,90,83,1.4,2
DL,Cyrus Lynch,24,2018,80,88,81,90,90,87,0.5,5
DL,Jomez Zo,23,2018,80,76,82,87,85,90,0.3,3
DL,Xavier Williams,26,2015,70,68,86,83,82,77,0.3,1
DL,Baron Vaughn,27,2014,78,74,90,85,85,78,2.7,1
DL,Che’kore Moore,24,2016,75,69,86,81,83,89,2,1
LB,Jaidyn Ward,23,2017,95,81,88,90,93,90,1.2,5
LB,Josh Bynes,29,2011,73,79,84,85,83,76,0.5,1
LB,Tyco Louderback,24,2016,85,90,87,84,86,85,1.3,5
LB,Kareem Martin,26,2014,65,60,84,81,83,76,0.5,1
LB,Evan Suggs,26,2014,89,83,90,92,93,86,2.5,5
LB,Markus Golden,27,2015,81,85,86,79,77,79,0.7,1
LB,Sean Desi,24,2016,82,72,83,79,81,79,0.3,1
LB,Jylton VanZandt,24,2017,76,71,88,80,83,84,1.2,2
END_PLAYERS
######################################################################  RAMS
Los Angeles Rams,LAR
QB,Sean Mannion,26,2015,63,56,87,88,74,50,0.5,1
QB,Christian Leota,24,2017,89,87,91,97,89,74,2.5,5
QB,Evan Day,23,2017,86,81,83,88,88,84,2,5
RB,Justin Davis,23,2017,73,52,85,75,88,83,0.3,2
RB,Akevious Williams,25,2015,86,78,85,87,89,83,1,5
RB,Shun Conway,26,2014,71,74,79,77,91,83,1.1,1
RB,Romario Johnson,23,2017,93,87,86,88,95,94,2.3,5
RB,Jakobe Cole,25,2016,79,75,88,75,80,78,0.5,1
WR,Josh Reynolds,23,2017,77,65,86,85,88,75,0.5,2
WR,D’Andre Ware,23,2018,89,83,86,95,85,87,1.3,3
WR,Kaelin DeBoskie,25,2016,76,75,89,87,87,81,0.7,1
WR,Scott Matiaha,23,2017,84,85,89,82,92,78,0.4,5
WR,Jordan McMillin,23,2017,97,84,89,92,97,88,2.4,5
WR,Halen Miley,24,2017,87,81,90,94,85,82,2,2
WR,Tavon Austin,27,2013,79,77,87,77,95,82,1.1,4
WR,Faustino Byars,28,2012,74,70,83,77,87,77,0.5,1
WR,Taion Dunn,24,2016,81,81,86,78,87,72,0.5,1
OL,Darrell Williams,25,2015,76,57,83,75,77,78,0.3,1
OL,Cornelius Lucas,27,2014,73,70,80,75,77,75,0.4,1
OL,Mike Romenesko,23,2019,86,89,92,92,91,86,1.4,5
OL,Christian Caviness,25,2015,87,88,90,94,86,85,1.7,1
OL,Jaxon Kroll,28,2012,73,80,80,84,85,72,1.4,1
OL,Dean Buss,22,2019,97,65,82,97,90,94,1.5,5
OL,Andrew Donnal,26,2015,66,67,84,77,75,74,0.5,1
OL,Demyan Ross,25,2015,74,75,82,87,82,71,0.5,1
OL,Ben Reese,26,2015,75,85,85,84,87,73,0.8,1
OL,Seth Jordahl,23,2018,76,79,94,91,86,92,0.4,3
K,Zac Denton,28,2012,64,63,83,95,89,63,1.5,2
K,Elijah Vuckovic,23,2017,86,87,85,90,98,70,0.9,5
S,Markeece Johnson,22,2017,72,67,90,84,85,74,0.5,2
S,Lamarcus Joyner,28,2014,84,83,88,87,88,69,1,2
S,Zykiesis McAllister,25,2016,88,78,84,92,90,90,1.9,5
S,Marqui Christian,24,2016,70,56,87,79,88,74,0.4,1
S,Blake Countess,25,2016,72,49,84,79,88,57,0.3,1
CB,Troy Hill,27,2015,66,64,87,84,87,60,0.3,1
CB,Jawon Johnson,22,2017,85,85,83,88,88,79,1.5,2
CB,Haki Woods,24,2015,92,76,91,93,87,82,2.3,5
CB,Kyle McDonald,26,2013,83,82,87,87,89,85,1.3,2
CB,Dominique Hatfield,24,2017,72,53,85,77,85,63,0.3,2
DL,Therman Kelly,24,2016,79,65,89,84,86,84,0.3,1
DL,Demarcus Vickers,29,2011,75,79,77,83,84,82,1.1,1
DL,Azur Kamara,24,2016,87,86,88,87,91,87,1.9,5
DL,Jay Houston,23,2018,97,88,80,96,87,98,1.5,5
DL,Rechensky Joseph,25,2015,87,90,92,95,96,93,3,5
DL,Ethan Westbrooks,28,2014,74,76,82,82,80,80,0.8,1
DL,Tanzel Smart,24,2017,72,68,83,81,81,77,0.4,2
LB,Markeith Watson,28,2011,82,83,87,80,87,83,1.4,2
LB,Chancellor Mimms,28,2012,79,80,87,86,81,84,1.4,2
LB,Tario Combes,22,2018,85,80,91,93,83,83,2.1,5
LB,Wilton Romo,31,2010,70,78,86,83,81,83,1.5,3
LB,Emil Lucansky,22,2019,76,75,83,83,84,86,0.5,4
LB,Shon Siegle,22,2019,76,76,86,84,86,83,1,4
LB,Cory Littleton,25,2016,73,63,83,69,72,77,0.3,1
LB,Ejuan Price,25,2017,68,60,80,78,81,75,0.4,2
LB,Alex Zio,23,2017,74,62,89,81,85,81,0.5,2
END_PLAYERS
######################################################################  SEAHAWKS
Seattle Seahawks,SEA
QB,Austin Davis,29,2012,63,66,87,85,77,63,0.5,1
QB,Sammy Tebow,28,2012,90,84,97,93,85,89,3.2,5
QB,Ethan Armstrong,22,2019,80,87,85,96,78,73,1,4
RB,Javohn Colton,25,2015,81,77,82,88,86,84,1,2
RB,JD Leone,25,2016,76,65,86,69,88,79,0.3,1
RB,Clarence Blake,24,2016,79,78,84,80,90,84,0.5,1
RB,Jordan Graves,23,2018,90,83,84,78,93,95,0.5,3
RB,Z Oakley,27,2013,95,86,84,98,90,82,3.5,5
RB,Ezekiel Magee,33,2007,78,77,90,85,86,88,1,1
WR,Teo Keane,27,2013,82,82,87,84,91,86,2.3,1
WR,Ajay Williams,25,2015,83,79,83,85,97,79,1.5,5
WR,Shakeenen West,24,2016,88,90,88,94,94,83,3.3,5
WR,Jair Floyd,28,2013,80,74,82,82,87,75,1.5,1
WR,Darian Wickline,32,2010,77,86,86,86,85,80,1.3,2
WR,Roman Clark,29,2010,87,84,83,97,87,82,2.5,1
WR,Jekeil Butler,28,2012,78,75,88,82,91,80,0.5,3
OL,Caleb Cross,28,2012,83,69,88,85,83,76,1.9,3
OL,Germain Ifedi,24,2016,75,77,86,82,72,76,0.9,1
OL,Finn Nowakowski,27,2012,93,90,84,87,88,89,2,5
OL,Cam Keizur,28,2011,98,92,90,97,95,91,3.2,5
OL,Oday Aboushi,27,2013,84,78,90,78,73,73,0.7,1
OL,Kolton Rittenhouse,21,2019,86,82,86,93,87,88,1.4,4
OL,Kevin Franko,26,2015,72,69,89,91,73,70,0.4,1
OL,Raekwon Cotto,25,2015,94,81,84,94,95,90,2.3,5
OL,Sawyer Makowski,22,2018,78,73,84,91,82,88,0.3,3
K,Jason Cuccia,28,2012,74,52,86,96,81,52,1.5,5
K,Johnie Pulen,28,2012,66,64,82,89,82,64,0.9,2
S,Tedric Thompson,23,2017,82,65,85,81,86,71,0.5,2
S,Brad McDougald,28,2013,74,81,86,85,88,72,0.5,1
S,Malachi Timberlake,24,2016,93,91,91,92,92,92,2.5,5
S,Diego Zook,31,2009,88,94,76,96,80,91,2.5,5
CB,Justin Coleman,23,2015,77,71,86,85,88,67,0.4,1
CB,Tyrone Woodley,29,2011,77,68,88,85,92,78,0.5,3
CB,Jeremy Lane,28,2012,80,76,85,87,88,68,1.2,2
CB,Neiko Thorpe,28,2012,61,54,87,81,90,67,1.2,1
CB,Kainoa Fauntanu,22,2017,84,91,96,94,90,86,2.5,2
CB,Thyrique McGhee,26,2013,83,82,85,86,87,83,2.8,3
CB,Tre Fox,22,2019,91,82,80,93,87,93,1.5,5
DL,Taaron Timmons,28,2013,92,84,88,92,96,89,2.8,3
DL,Barclay Arrasmith,21,2019,75,72,89,94,77,86,0.5,4
DL,Dion Jordan,28,2013,73,61,81,66,77,91,0.4,1
DL,Ruchell Jack,23,2017,90,78,86,91,94,89,2,5
DL,Geno Drake,23,2018,92,84,94,95,88,91,1.5,5
DL,Douglass Toney,30,2010,88,78,80,88,80,82,0.7,1
DL,Garrison Smith,27,2014,70,59,86,86,85,76,0.3,1
DL,Dauntay Glover,31,2009,76,72,87,90,92,83,1,2
DL,Quinton Jefferson,25,2016,67,51,84,79,81,84,0.4,2
DL,Nazair Jones,24,2017,85,70,83,87,86,80,0.5,2
LB,RayRay Smith,25,2014,98,90,90,97,91,94,3.5,5
LB,Marcus Smith,26,2014,70,69,85,76,79,78,0.4,1
LB,Vaughn Nowak,32,2011,89,96,87,93,87,89,2.5,2
LB,Nathan Niehaus,27,2013,91,88,90,92,93,91,2.8,5
LB,Terence Garvin,27,2013,70,64,86,78,76,76,0.5,1
LB,DJ Alexander,25,2015,73,65,79,78,75,80,0.4,1
LB,Josh Forrest,26,2016,74,58,90,69,70,76,0.3,1
END_PLAYERS
######################################################################  49ERS
San Francisco 49ers,SF
QB,Dakota Morgan,24,2015,77,75,86,82,87,90,3.5,3
QB,Grady Stokes,27,2014,97,94,92,88,97,95,3.5,5
RB,Teion Moore,27,2013,76,78,85,82,93,86,1.3,5
RB,Keshawn Ledet,26,2015,75,62,86,71,93,79,0.8,1
RB,Theo Vick,23,2017,94,80,87,84,93,97,1.7,5
RB,Donte Brink,27,2013,80,85,91,86,82,79,1.9,3
RB,Charlie Robinson,21,2019,83,81,83,82,92,86,1,4
WR,Efren Zearing,28,2012,80,73,85,82,87,74,1.4,5
WR,Jagger Hall,26,2014,83,83,88,89,97,92,2.4,5
WR,Kolby Williams,23,2017,74,76,81,77,89,79,0.3,2
WR,Branden Kozlowski,27,2014,73,86,80,78,80,72,1.9,2
WR,Jamie Gray,24,2016,77,78,82,81,95,75,1.5,1
WR,Nakevion Zanders,26,2015,92,90,87,95,97,88,3.8,5
WR,Odaine Nassib,22,2019,88,79,83,90,89,88,1.3,4
WR,Victor Bolden Jr.,23,2017,71,54,87,78,90,75,0.3,2
OL,Darrell Williams,25,2017,67,53,86,78,74,75,0.3,1
OL,Erik Magnuson,24,2017,76,62,81,81,75,75,0.3,2
OL,Joshua Garnett,24,2016,86,76,88,84,74,72,1.1,2
OL,Coleman Flynn,26,2015,74,74,86,87,74,73,2,1
OL,Erick Kroening,29,2011,87,89,80,91,86,95,2.4,5
OL,Kyle Nelson,32,2011,73,66,84,68,52,62,0.7,1
OL,Wolfgang Haney,26,2014,76,79,86,89,72,74,1.1,2
OL,Lukayus McNeil,28,2012,77,86,90,92,83,78,1.8,2
OL,Ross Timko,27,2015,82,73,80,95,85,73,2.3,2
OL,Corey Teo,23,2018,95,81,90,96,94,79,1.5,5
K,Jody Young,31,2008,89,89,80,94,95,59,1.3,5
K,Noah Kofskey,29,2011,70,55,81,91,76,55,0.4,1
S,Eric Reid,27,2013,84,78,87,87,88,67,1.4,2
S,Adrian Colbert,25,2017,64,57,86,78,89,60,0.4,3
S,Robby Trujillo,21,2019,77,71,90,84,86,88,0.5,4
S,Ezequiel Davies,30,2009,96,98,90,94,87,98,3.4,5
CB,Chris Holloway,27,2012,82,79,89,88,87,81,2.5,2
CB,Cre Moore,25,2015,71,89,84,93,91,78,1.3,2
CB,Jadan Bell,22,2018,77,79,84,86,97,75,0.7,3
CB,Roshawn Donald,23,2018,87,81,89,92,89,76,1,5
CB,Junie Stewart,27,2014,77,67,87,84,88,68,0.4,1
DL,J Caden,34,2006,59,79,85,78,81,84,1,1
DL,Cal Desir,22,2019,98,79,81,98,92,97,2.5,5
DL,Leger Douzable,32,2008,66,79,81,83,86,78,0.5,1
DL,Datone Jones,28,2013,72,76,84,81,79,82,0.5,1
DL,Shaakr Smith,24,2016,93,83,82,96,93,91,2.3,5
DL,Aaron Lynch,25,2014,79,75,81,76,80,86,0.5,1
DL,Arik Armstead,25,2015,83,77,82,85,88,85,1.3,1
DL,Amado Thiessen,24,2016,89,86,91,86,89,89,1.4,1
DL,Ronald Blair,25,2016,64,55,87,84,84,85,0.4,2
DL,Quinn Alo,26,2014,96,78,92,99,96,91,2.5,5
DL,LeShawn Ward,26,2014,79,88,89,89,85,83,0.4,3
LB,Dekoda Watson,30,2010,66,64,80,73,72,80,1.2,2
LB,Leon Barkley,29,2011,76,81,83,82,81,84,2,4
LB,Lazarro Macklin,29,2011,80,74,84,81,76,80,1.1,1
LB,Brock Coyle,28,2014,73,69,90,79,81,81,1.1,1
LB,Eli Harold,24,2015,73,66,86,77,81,80,0.5,1
LB,Dante Hutchens,27,2014,83,72,82,85,88,81,1.1,3
LB,Elijah Lee,22,2017,75,57,90,80,77,78,0.4,3
LB,Cain Boosie,22,2018,86,69,89,93,93,79,0.4,5
END_PLAYERS

