## Antdroid/Minotauri NFL Roster for 2017-18 Season
## version 1.4 (09-13-2017)
##Changelog
##v1.0 Initial Release
##v1.11 Fixed extra comma bug affecting iOS and players with initials for first name
##v1.20: Randomized Potential based on Age
##v1.30 Fixed Player Salaries; New Coverage Formula; Using PFC-Converter v1.2
##v1.40 Normalizing Salaries to avoid salary cap issues
## http://www.AntDroid.net
######################################################################  RAVENS
Baltimore Ravens,BAL
OL,Morgan Cox,31,2010,69,73,83,64,51,66,0.7,4
WR,Heath Brinkman,32,2009,88,88,86,90,76,77,2.2,1
K,Andy Riazzi,28,2012,68,70,84,82,84,83,3.4,3
QB,Mason Wolk,23,2016,76,62,87,84,77,66,1.8,1
S,Darion Flowers,22,2017,84,88,88,87,85,81,4.9,3
CB,Brandon Carr,31,2008,74,80,90,86,87,77,4.1,4
CB,Jourdan McKay,23,2015,86,85,89,87,91,83,9.1,3
OL,Valgene Jones,23,2015,80,77,84,87,88,90,3.2,3
WR,Kyran Best,22,2016,71,80,84,89,92,83,4.8,2
RB,Will TownesWood,20,2017,78,96,82,74,92,90,2.2,3
S,Lardarius Webb,32,2009,65,77,87,87,90,63,1.5,3
LB,Juwan Tyus,21,2017,88,77,92,91,94,79,5.1,3
K,Josh McCardell,21,2019,97,79,80,94,94,72,0.5,4
OL,Nakiya Smith,23,2016,79,83,93,96,94,87,5.7,2
QB,Jacorey Ewing,25,2013,79,83,95,81,86,97,13,2
WR,SemaJ Davis,22,2017,87,86,89,92,93,80,5.4,3
DL,Kaigen Rogo,22,2017,95,89,85,96,90,98,4,3
S,Anthony Levine Sr.,30,2010,72,77,83,85,86,66,0.9,3
LB,Steven Johnson,29,2012,59,66,85,82,77,77,0.5,1
OL,Lawson Massie,26,2013,77,77,88,90,92,74,1.1,1
S,Drew Jackson,25,2013,76,84,84,85,84,80,6.6,4
OL,Luke Bowanko,26,2014,69,65,82,86,83,74,0.4,1
LB,Jason Simon,24,2015,83,85,89,93,84,86,2.8,2
DL,Brent Urban,26,2014,80,74,77,79,81,81,0.4,1
RB,Alonzo Booth,26,2014,85,86,90,85,88,86,1.1,1
WR,Mason Murfee,26,2014,72,73,83,82,90,77,0.9,1
OL,James Hurst,26,2014,73,79,81,78,73,73,0.9,1
RB,Javorius Allen,26,2015,76,73,85,83,88,81,0.5,2
WR,Zacquon Tyson,24,2015,85,68,78,78,95,83,2,2
WR,Denario Deggs,21,2019,90,51,85,89,91,88,1,5
RB,Keyon Bean,23,2015,63,65,83,90,80,78,0.8,2
WR,Nick Boyle,24,2015,81,75,89,82,72,66,0.4,2
LB,Za'Darius Smith,25,2015,79,74,87,80,82,76,0.5,2
DL,Carl Davis,25,2015,73,77,78,88,87,77,0.5,2
RB,Shobi Witt,23,2016,78,75,89,74,88,92,0.4,3
RB,Reggie Geathers,22,2018,88,83,92,89,94,94,0.5,4
OL,Zachary Haun,24,2015,82,85,88,87,89,77,5,3
LB,Matt Judon,25,2016,73,63,83,80,86,76,0.4,3
DL,Kirk Mauro,23,2018,84,85,89,90,92,86,0.6,3
DL,Sean Shah,23,2016,84,88,84,86,87,86,0.5,3
LB,Jaetavian Clewis,22,2018,85,79,87,89,88,87,1.2,3
CB,Maurice Canady,23,2016,67,55,86,81,89,79,0.4,3
CB,Tavon Young,23,2016,82,76,89,85,90,71,0.5,3
WR,Evan Zarzecki,24,2016,78,58,86,77,90,73,0.5,3
DL,Meiko Dotson,25,2016,82,85,84,94,92,84,0.3,2
OL,Jorden Ralph,22,2016,83,68,87,86,74,73,0.3,2
LB,Patrick Onwuasor,25,2016,69,71,88,79,80,81,0.3,1
DL,Chris Wormley,24,2017,69,63,86,83,83,86,0.7,4
LB,Marcelo Bruce,30,2010,71,64,84,76,80,79,0.6,4
LB,AJ Caldwell,24,2015,67,63,87,79,80,80,1.2,4
CB,Dax Morse,24,2015,70,70,88,84,92,82,2.8,2
OL,Stephen Saunders,22,2018,83,77,91,92,87,83,0.4,4
S,Chuck Clark,22,2017,66,55,89,78,88,70,0.4,4
CB,Jaylen Hill,23,2017,78,57,80,79,84,68,0.3,3
DL,Patrick Ricard,23,2017,75,63,82,90,88,82,0.3,3
END_PLAYERS
######################################################################  BENGALS
Cincinnati Bengals,CIN
DL,George Marfo,25,2014,89,84,82,79,84,89,4.9,2
DL,Niadre Zouzoua,21,2017,96,81,90,92,91,94,8.2,3
OL,Steve Dalumo,24,2016,83,85,86,95,85,89,2.9,2
DL,Michael Johnson,30,2009,67,76,83,73,80,88,3.7,2
K,Marc Roland,27,2012,63,57,83,88,75,57,1.9,1
CB,Joshua Smith,24,2015,61,79,87,87,87,68,4.8,2
OL,Ross Hobbs,22,2019,85,64,84,90,82,84,1,4
S,Reis Katzenberger,21,2019,90,91,68,92,90,86,1.3,5
QB,Kodi Affleck,25,2016,83,86,90,96,83,69,11,2
WR,Tyce Ross,22,2017,78,82,74,89,96,89,9,3
OL,Kasper Schmidt,28,2011,73,78,92,87,74,82,3.4,3
WR,Jalik Jaggwe,25,2014,67,84,89,88,96,80,2.7,2
WR,Noah Harper,27,2013,64,88,85,89,84,78,2.9,1
RB,Breon Jackson,24,2015,64,81,82,82,91,85,2.9,3
LB,Kevin Minter,27,2013,84,86,86,84,84,82,3.8,1
S,Jai Erwin,23,2016,82,76,90,85,90,81,2.7,2
RB,JohnJordon Slater,21,2019,76,84,86,76,89,85,0.5,4
OL,Will Moody,22,2019,88,78,88,90,86,93,1.4,5
CB,Tyshawn Davies,25,2014,74,81,85,86,88,64,7.1,5
K,Michael Maietti,23,2016,85,85,77,88,94,62,0.5,2
S,Jacob Koslowski,25,2014,80,82,83,85,85,85,4,2
LB,Kamren MacCorkle,25,2014,91,90,95,96,85,90,3.3,1
OL,TJ Johnson,27,2013,66,64,84,86,73,76,1.1,2
QB,Jordie Hruska,25,2014,70,76,92,86,80,53,0.4,1
DL,Chris Smith,25,2014,64,52,84,85,85,86,0.4,1
CB,Tahriq Beckford,22,2019,97,83,84,94,94,92,2.5,5
RB,Mershawn Miller,22,2016,80,82,89,88,86,83,0.7,2
OL,Finn Ball,25,2014,86,82,89,93,77,84,0.6,1
RB,Emmett Freeman,26,2014,73,71,88,69,77,69,1.4,3
WR,Efren Betz,25,2015,74,69,79,81,81,74,0.5,2
WR,CJ Uzomah,24,2015,76,64,86,77,85,75,0.4,2
OL,Shayne Judd,25,2015,76,76,77,82,73,73,2.1,2
OL,Marteese Edenden,24,2015,80,77,83,83,73,73,0.8,2
CB,Josh Shaw,25,2015,77,65,80,82,90,79,0.5,2
QB,Micah Taylor,21,2019,77,74,80,81,91,90,0.3,1
WR,Tupac Jegen,26,2012,78,76,85,80,92,87,0.8,3
OL,Jon Bacote,22,2018,83,82,87,88,94,79,0.4,3
OL,Alex Redmond,22,2016,71,54,78,86,72,71,0.3,2
LB,Fazio Saunders,24,2016,67,63,89,87,80,77,0.6,3
CB,J’Bril McKinney,25,2016,71,65,86,85,92,61,2.2,3
S,Dakoda Allen,21,2018,96,92,86,97,94,78,0.5,3
DL,Jamar Delacruz,25,2013,65,57,83,91,87,80,0.5,3
WR,Cody Core,23,2016,81,64,85,80,90,73,0.4,3
S,Clayton Fejedelem,24,2016,77,64,91,81,87,70,0.4,3
WR,Makyle Flutie,25,2016,64,50,86,80,88,74,0.3,2
RB,Jamahl Blake,21,2017,81,68,91,85,91,87,1.1,3
WR,Sonnie Richardson,22,2017,75,71,86,83,98,77,4.1,4
DL,Casim Ellington,27,2011,74,63,91,85,87,89,0.6,4
LB,Shane Andrus,22,2017,82,70,81,80,87,76,0.6,3
DL,Ryan Makaric,24,2017,73,68,83,88,87,76,0.5,3
WR,Je-Marc Morris,22,2018,88,84,86,88,90,86,0.5,4
K,Marshall Koehn,25,2016,67,50,68,50,88,50,0.3,2
LB,Tre Colten,23,2017,66,53,88,86,82,74,0.3,3
LB,Chris Bournes,25,2014,78,59,88,77,79,81,0.4,4
RB,Delfin Roberts,23,2018,79,88,82,87,88,86,0.3,3
END_PLAYERS
######################################################################  BROWNS
Cleveland Browns,CLE
K,Zach Federocko,23,2016,77,92,82,93,90,61,1.7,3
OL,Stone Labanowitz,24,2015,64,78,97,93,86,85,6.9,2
LB,Ellis Bridges,28,2013,71,79,90,87,83,86,8.2,4
CB,Denny Palma,29,2011,73,75,89,86,92,70,2.9,3
WR,Zeandae Ferrigan,26,2012,73,79,89,85,86,83,5.8,4
CB,Taiyir Beal,30,2009,70,85,82,88,92,84,2.2,2
OL,JC Tretter,26,2013,76,78,86,89,74,74,4.2,3
OL,Jess Damron,25,2014,74,84,92,91,75,81,8.6,5
LB,Tank Carder,28,2012,59,64,90,83,77,79,0.8,1
OL,Charley Hughlett,27,2014,77,65,82,75,70,67,0.6,6
OL,Marcus Martin,24,2014,76,77,84,82,73,72,1.1,1
OL,Brayan Clarke,26,2014,80,86,91,86,77,89,5.2,6
LB,Taran Lambert,25,2014,86,84,85,92,87,86,5.3,5
RB,D’lon Marble,24,2014,78,78,87,87,89,85,1.6,1
DL,Jamie Meder,26,2014,75,76,90,87,83,79,0.3,1
RB,Xavier Reddick,24,2015,77,80,83,90,80,85,0.6,2
WR,Marcus Kimbrough,24,2015,67,64,88,77,91,81,0.5,2
WR,Shea Fitzpatrick,21,2019,87,64,88,77,91,81,1,4
OL,Austin Reiter,26,2015,62,56,85,77,79,72,0.3,1
DL,Ladarious Banks,24,2015,84,69,88,76,73,81,0.9,2
DL,Orion Brookes,23,2016,83,84,85,95,95,79,2.8,2
S,Derron Smith,25,2015,77,65,82,80,85,54,0.4,2
LB,Josh Keyes,24,2015,65,52,87,73,77,75,0.3,1
DL,TY McGill,25,2015,79,68,87,85,85,81,0.3,1
WR,Kasen Williams,25,2015,65,62,77,80,85,72,0.3,1
QB,Kevin Hogan,25,2016,68,73,93,86,77,69,0.3,1
QB,Malik Neal,23,2016,80,86,89,83,88,91,0.6,3
RB,TreKell Hazelwonder,22,2016,72,61,88,73,85,78,0.3,2
WR,Kiser Floyd,23,2016,72,76,87,83,93,78,2.7,3
WR,Travis Kinsley,22,2019,85,62,70,91,87,82,0.5,4
OL,Bret Cullen,27,2014,74,75,90,83,79,76,0.4,3
OL,Joshuwa Ito,22,2018,85,84,83,93,90,81,0.6,3
DL,Billy Hanselman,21,2019,95,77,90,91,91,98,2.3,5
DL, Kulon Nassib,24,2016,73,66,86,75,76,83,0.7,3
LB,Jadyn Jensen,22,2017,91,80,90,79,79,95,0.5,3
CB,Chi Boudreau,28,2012,71,83,85,87,90,68,0.3,2
WR,Javion Jones,23,2016,76,70,88,81,91,74,0.5,3
S,Dillon Barnes,25,2016,76,79,89,85,89,77,0.5,3
WR,Jomo Mauck,23,2016,87,77,86,92,83,78,0.5,3
RB,Jamauri Wakefield,25,2014,71,78,87,74,84,86,0.4,1
CB,Tirise Applewhite,21,2018,97,87,82,96,97,77,0.3,2
RB,CorvonTra Saunders,22,2019,90,76,70,87,93,88,1.4,5
LB,Markenzy Primous,22,2018,85,84,85,88,88,81,0.3,2
QB,Kyle Ghetes,21,2017,95,91,86,95,92,78,4.5,3
RB,Shaka Vantrease,23,2018,86,79,84,94,80,78,0.4,4
WR,Ryan Reddick,23,2016,76,65,86,82,85,79,2.2,4
OL,Skyler Springs,24,2017,78,62,81,90,81,74,0.5,4
K,Drake Pace,22,2017,75,51,79,96,78,51,0.4,4
DL,Leandre Rucks,25,2014,83,76,84,96,90,89,7.6,4
DL,Caleb Brantley,23,2017,76,56,84,89,88,80,0.4,4
DL,Joey Gill,29,2010,70,70,87,88,86,84,0.7,4
S,Kai Thompson,22,2017,70,53,88,82,88,66,0.3,1
S,Dre Matthews,22,2017,84,78,89,84,90,79,2.4,3
CB,Howard Wilson,22,2017,64,57,86,80,87,74,0.5,4
DL,Trevon Coley,23,2016,72,65,84,85,86,87,0.3,2
END_PLAYERS
######################################################################  STEELERS
Pittsburgh Steelers,PIT
LB,Rischell Marsh,29,2010,69,67,84,76,75,77,1.9,1
CB,Teillo Holt,22,2016,88,80,85,93,90,76,1.8,2
OL,Shawn Diggs,21,2017,88,87,94,91,90,86,3,3
DL,Skai Blankenship,24,2014,97,90,89,93,90,88,7.3,4
DL,Uche Jackson,22,2018,95,88,86,96,97,87,4,4
WR,Marc Rogers,22,2019,78,87,82,92,84,75,0.5,4
S,Jordan Fieulleteau,21,2017,77,78,91,84,87,77,1,2
WR,Jordin Robey,22,2018,83,76,81,91,94,97,0.6,4
RB,Detrez Newsome,24,2015,87,85,90,98,90,80,7.3,1
WR,Kwanzaa Fleming,23,2016,69,69,83,81,83,73,1.5,2
S,Allenzae Slaven,26,2013,79,75,86,84,88,78,1.9,2
OL,Pailake Aiono,26,2012,86,91,85,91,83,87,6.8,3
WR,Kobay White,25,2012,84,93,90,98,96,88,12,4
RB,Demian Stevens,21,2019,78,72,85,82,89,88,0.3,1
LB,Dante Linkous,28,2011,87,93,90,91,95,76,6,3
CB,Kavious Higgins,32,2007,73,86,90,86,88,84,1.9,2
OL,Ryan Lofton,29,2010,73,84,86,89,77,87,3.5,2
QB,Dayton Baker,21,2018,94,86,89,88,95,97,3,4
OL,Talolo Taylor,24,2015,92,87,92,92,96,84,8.2,5
CB,Kholbe Haynes,29,2012,70,70,87,86,90,47,0.9,2
S,JuMichael Jackson,27,2012,76,70,87,83,87,68,1.2,2
LB,Morgan Shinsky,27,2012,69,65,86,84,82,78,0.3,1
DL,Wes Horton,27,2013,71,74,80,76,77,82,0.8,2
S,Tariq Taul,22,2017,87,90,91,86,86,95,1.5,3
DL,Ja’Deion Pinckney,23,2018,87,79,84,92,86,93,1,4
LB,Bradley Jack,21,2017,98,85,84,86,88,96,3,3
WR,Herschell Boothe,30,2011,81,97,77,96,90,83,2,1
OL,Jayme Shields,22,2018,79,84,84,92,86,94,1.1,4
WR,Dax Cavin,22,2017,75,79,85,84,83,68,0.4,2
LB,Tim Sneed,25,2015,70,66,89,76,81,76,0.4,1
LB,Tim Bonney,22,2018,87,83,92,89,88,87,2.1,4
DL,Romeo Juenemann,25,2015,74,73,83,85,84,78,0.4,2
OL,Alvin Khalil,26,2015,72,70,88,84,75,83,0.3,1
RB,Deaumonjae Banks,24,2015,72,67,86,88,73,80,0.3,1
WR,Alaric Jackson,25,2015,79,78,85,88,93,79,0.3,1
RB,Kuzy Cook,21,2019,96,90,87,80,97,98,1.7,4
K,Aaron Green,28,2010,66,83,80,92,91,68,1,1
K,Hai Burleson,27,2009,66,64,80,91,83,64,0.3,1
RB,Tavon Barkley,20,2016,86,79,88,90,90,87,0.4,3
OL,Jack Corso,21,2019,91,87,81,90,95,87,1.5,4
WR,Copache James,22,2019,98,90,90,97,98,91,2,5
OL,Roman Barkley,22,2018,75,88,89,90,88,84,0.5,4
DL,Tope Poe,22,2017,84,77,88,93,85,86,0.6,3
S,Delano Hill,22,2017,80,62,88,78,86,76,0.6,4
LB,Donta Hall,22,2018,87,83,91,90,84,93,0.4,4
CB,Drake Mayfield,22,2016,83,81,84,87,91,67,2.2,3
CB,Jaiden Woodson,21,2018,98,86,96,96,95,74,4,4
K,Josh Chiesa,21,2018,88,90,87,89,98,60,0.3,4
QB,Joel Daul,22,2017,77,87,87,86,88,80,1,4
RB,Jasen Johnson,23,2016,94,87,83,81,95,95,0.6,3
WR,Tre Neal,21,2017,96,73,92,91,93,86,1.2,3
DL,Carlos Northington,22,2019,81,84,80,93,87,83,1,4
LB,Jake Ryan,25,2015,74,78,84,85,84,80,0.5,2
CB,Jaylyin Causey,22,2017,79,62,87,81,88,67,0.6,4
DL,Shamar Berango,21,2019,99,80,83,98,94,96,1.4,5
END_PLAYERS
######################################################################  BILLS
Buffalo Bills,BUF
OL,Eric Wood,31,2009,82,88,87,88,75,72,6.5,3
DL,Darrius Moragne,24,2016,60,87,85,90,92,81,5.3,1
WR,TJ McGinnis,28,2011,77,83,92,87,83,80,5.7,3
QB,Jaden Epps,25,2014,81,84,89,83,89,95,11.2,2
RB,Donterrius Poe,30,2010,76,85,88,83,77,77,0.6,1
DL,Sione Fua,23,2018,88,83,91,94,93,88,6.2,4
OL,Chris Farley,24,2015,87,90,92,94,86,86,3.8,2
CB,Thierno Saw,24,2016,88,87,87,91,87,90,2.5,1
RB,JoEl Shaw,22,2017,87,88,85,86,93,92,6.4,3
S,Colt Anderson,32,2009,61,71,87,80,85,66,0.6,1
CB,Leonard Johnson,27,2012,74,70,88,83,86,70,0.6,1
OL,Zakari Garrett,23,2015,83,78,87,92,74,76,0.7,3
RB,Joey Bryant,28,2012,69,68,85,76,87,83,0.5,1
DL,Wilfredo Durant,29,2011,63,72,82,88,89,81,3.3,3
RB,Isaiah Mack,28,2011,69,81,90,73,74,73,1.6,4
WR,Brandon Townsend,30,2009,61,66,84,75,88,84,0.6,1
WR,Deonte Thompson,28,2012,61,71,80,79,92,77,0.6,1
LB,Jamond Glass,24,2015,84,85,87,84,86,88,2.1,2
S,Kailien Thomas,26,2013,66,63,86,84,90,70,0.5,1
QB,Tylon Webb,31,2010,61,68,83,89,68,83,0.6,1
LB,Ramon Humber,30,2009,67,74,82,82,76,78,0.6,1
K,Drew Levin,23,2016,89,85,81,92,88,59,2.4,3
WR,Andre Holmes,29,2011,70,76,82,82,87,77,1.4,3
S,Ry Scott,23,2016,88,83,86,86,88,87,4.6,5
OL,Jordan Mills,27,2013,68,76,86,84,72,75,1.3,2
OL,Udonavan Kaidy,23,2016,90,89,86,93,82,90,4,4
DL,Jerel Worthy,27,2012,71,68,83,82,86,82,0.4,1
DL,Ryan Davis,28,2012,59,66,83,74,75,83,0.7,2
S,Jordan Poyer,26,2013,86,86,85,85,87,56,2.5,4
CB,Bodhi Jump,25,2014,81,83,86,85,92,75,0.5,1
WR,Bazey Bates,21,2017,82,86,91,82,90,80,1,1
WR,Bradyn Harper,26,2014,68,58,89,73,84,78,0.5,1
LB,Logan Bailey,23,2017,83,82,93,93,84,87,2.7,3
WR,Travanis Hurley,22,2017,82,88,86,89,86,81,2.5,3
OL,Seantrel Henderson,25,2014,77,75,75,83,77,69,0.5,1
K,Austin Parece,23,2018,96,88,92,92,97,51,1,4
OL,Ryan Groy,27,2014,78,73,83,86,77,76,1.5,2
WR,James Edwards,24,2015,79,88,88,84,79,66,0.3,1
OL,Jumon Grinstead,26,2013,90,82,84,86,73,82,0.5,2
WR,Antonyo Kway,22,2018,79,78,86,90,86,87,0.4,4
WR,Jeremy Butler,26,2014,62,57,86,79,86,73,0.4,1
DL,Jadiel Pope,26,2014,74,65,78,82,83,86,0.3,1
DL,Malachi McKee,23,2016,70,70,83,85,88,88,2.4,3
DL,Cam McClain,22,2018,97,77,84,95,92,90,3,4
CB,Lafayette Pitts,25,2016,74,58,87,80,90,62,0.3,1
QB,Shaq Fulton,31,2007,76,77,90,93,78,76,4.4,4
WR,Jevon Foster,25,2014,75,74,93,88,90,81,1.5,4
OL,Taran Lambert,26,2012,82,68,89,90,78,73,0.8,4
OL,Conor McDermott,25,2017,69,59,86,84,74,75,0.4,4
CB,Jamal Covington,22,2017,90,83,89,94,94,81,2.3,3
LB,Demarco Carnahan,23,2017,78,58,91,83,83,75,0.4,4
S,Trae Elston,23,2016,67,50,83,77,89,72,0.3,2
OL,Reid Ferguson,23,2016,73,50,87,50,46,75,0.3,2
LB,Deon Lacey,27,2013,69,63,84,75,77,77,0.4,2
LB,Tanner Vallejo,23,2017,72,55,83,84,82,75,0.4,4
END_PLAYERS
######################################################################  DOLPHINS
Miami Dolphins,MIA
QB,Truman Luke,27,2012,79,75,80,95,77,50,6,1
LB,Tomon Fox,25,2012,84,73,92,89,87,83,3.5,1
OL,John Denney,39,2005,76,87,87,74,52,65,0.6,1
OL,Ted Larsen,30,2010,80,72,88,79,80,73,1.4,3
OL,Foster Frierson,25,2014,86,81,80,88,74,74,6,4
OL,Sam Young,30,2010,80,72,84,83,81,75,0.6,1
S,Vequain Newton,27,2012,86,93,84,89,86,84,7.9,6
WR,Shaun McGhin,22,2018,84,76,88,90,90,76,2.4,4
DL,Markiece Gross,27,2012,72,77,88,92,85,88,5.1,2
WR,Darren Wahl,29,2011,80,87,83,93,81,81,3.7,2
S,Nate Allen,30,2010,69,76,82,84,86,70,3.2,1
DL,Thanh Baron,30,2010,86,95,95,98,96,93,14.5,3
RB,Covey Nevins,21,2018,75,78,91,82,92,84,1.3,4
LB,Cornelius White,27,2013,82,84,85,90,85,91,5.4,4
OL,Jermon Bushrod,33,2007,72,81,91,87,72,72,2.2,1
S,TJ McDonald,26,2013,78,77,85,85,86,66,0.2,5
LB,Benito Crews,30,2008,84,94,90,96,84,87,5.2,2
CB,Kailo Moore,24,2014,97,87,86,94,96,84,4.5,1
DL,Calvin Nguyen,23,2016,76,85,88,85,91,88,4,1
WR,Rocco Zielinski,29,2010,84,85,88,92,84,83,5.8,4
QB,Cam Martin,25,2013,85,84,94,93,87,94,13.5,4
DL,Andre Branch,28,2012,73,77,79,71,75,84,6,3
S,Michael Thomas,27,2012,78,75,87,84,86,67,1.1,1
RB,Kai Mikee,28,2013,66,70,85,74,81,78,0.7,2
CB,Walt Aikens,26,2014,69,65,87,82,89,68,0.5,1
DL,Terrence Fede,26,2014,69,57,86,76,80,85,0.3,1
OL,Ja'Wuan James,25,2014,84,84,86,84,73,80,2.8,2
QB,David Fales,27,2014,63,55,90,83,79,55,0.4,1
WR,Zchon Bullitt,23,2016,89,85,91,90,98,88,1.6,1
K,Scott Ruth,28,2010,77,85,86,93,83,68,0.4,1
RB,Joshawa West,26,2014,78,77,84,88,89,83,0.4,2
RB,Elijah Hood,31,2008,69,83,85,82,90,83,1.1,1
WR,Casey Kowalewski,27,2012,90,90,87,89,91,84,2.5,2
DL,Recoh Hannah,23,2016,85,76,74,89,91,79,0.9,2
LB,Stephone Anthony,25,2015,75,69,83,84,83,82,1.7,2
CB,Bobby McCain,24,2015,85,78,86,86,89,66,0.4,2
LB,Mike Hull,26,2015,73,69,88,83,87,79,0.4,1
OL,Jesse Davis,26,2015,69,59,88,84,74,72,0.3,2
RB,Markus Ferrell,25,2014,76,74,82,83,89,84,0.6,3
WR,Sion Collins,27,2012,74,81,87,90,85,75,0.6,3
OL,Koda Martin,24,2015,87,83,91,88,88,89,3,2
OL,Jake Brendel,25,2016,66,50,90,80,74,75,0.3,1
CB,Kalvin Townsend,24,2016,82,78,90,88,93,72,1.3,3
S,Jordan Lucas,24,2016,64,48,85,79,91,68,0.4,3
WR,Brody Esmann,26,2013,68,81,84,87,90,83,0.4,3
OL,Cam Fleming,27,2011,98,88,92,96,90,96,6.5,4
DL,Charles Harris,22,2017,74,68,85,76,79,88,2.5,4
DL,Vincent Taylor,23,2017,69,63,87,84,82,77,0.4,4
DL,Alex Andrassy,22,2018,84,87,85,89,87,91,0.4,4
CB,Kamron Johnson,24,2017,77,72,92,83,92,79,1.6,3
OL,Carson Carder,26,2015,64,54,85,86,79,73,0.3,1
K,Matteo Powell,25,2014,65,54,80,96,77,54,0.3,3
RB,Jhye Moorhouse,21,2018,87,82,84,84,95,91,0.3,4
LB,Chase Allen,24,2017,70,65,88,83,82,79,0.3,3
S,Maurice Smith,22,2017,77,56,84,76,85,64,0.3,3
END_PLAYERS
######################################################################  PATRIOTS
New England Patriots,NE
DL,EK Faauli,23,2017,78,77,81,94,90,83,3.1,2
RB,Usher Pearson,23,2016,83,83,80,81,91,85,1,1
OL,Kain Sua,23,2016,88,87,79,92,85,93,4.7,5
OL,Wes Russo,28,2010,73,88,87,90,74,73,8.5,1
DL,Lawrence Guy,27,2011,80,81,88,84,86,81,2.6,4
WR,Kris Edge,30,2008,85,94,87,96,79,75,5.4,3
DL,Kaezon Brightwell,22,2018,89,73,79,86,83,91,0.5,4
RB,James Develin,29,2010,75,84,87,69,70,65,0.8,2
LB,Malik Scates,29,2010,67,76,92,87,85,76,1.9,2
RB,Brandon Bolden,27,2012,72,71,86,80,88,80,0.5,1
DL,Rev Smith,24,2014,83,83,84,92,91,82,2.5,1
WR,Ryan Boehm,23,2016,97,90,85,96,83,80,2.5,2
S,Dalvin Holland,30,2009,69,83,94,85,86,72,2.1,2
QB,Josh Cobb,30,2010,89,99,98,95,98,53,15,3
K,Sam Arnold,21,2017,93,90,81,90,92,59,1.5,2
WR,Matthew Slater,32,2008,70,81,86,74,87,75,1.3,1
QB,Mikili Brittenour,24,2015,70,77,82,90,78,47,4.8,2
WR,Kahmaree Williams,20,2017,92,86,89,92,94,87,4,3
WR,Jadon Gallacher,26,2013,71,85,87,89,84,80,2.7,1
S,Duron Harmon,26,2013,81,79,87,85,88,64,3.3,4
WR,Kylan Robinson,22,2017,79,90,85,93,88,79,2.4,2
RB,Kameron Hill,21,2017,90,81,87,86,94,91,1.9,3
CB,Orion Whitehead,23,2016,80,81,89,88,92,69,9.9,5
LB,Shea McClellin,28,2012,64,78,84,82,77,78,2.3,2
LB,Mikko Sencenbaugh,24,2014,94,90,91,94,90,88,6.8,4
WR,Dwayne Allen,27,2012,85,82,85,84,76,70,5,3
S,Nate Ebner,29,2012,64,62,95,80,87,74,0.7,1
RB,Zamari House,27,2013,77,79,90,85,84,84,2.5,1
CB,Michael Jackson Jr,26,2013,77,64,89,85,90,77,1.9,1
K,Nyle Grove,27,2013,74,59,84,91,80,59,1.6,2
OL,LaAdrian Waddle,26,2013,81,72,83,87,73,73,0.8,1
LB,Kyle Van Noy,26,2014,78,74,84,83,79,81,1.1,1
OL,Thair Fleming,25,2014,78,72,84,85,74,79,1.1,1
DL,Stephon Zayas,22,2018,94,87,89,90,90,95,1.5,4
RB,Jordon Moses,25,2014,71,78,83,82,89,83,2.5,4
LB,Marquis Flowers,25,2014,64,63,84,71,76,81,0.4,1
LB,Trevor Reilly,29,2014,64,64,86,76,80,75,0.4,1
WR,Antwan Johnson,21,2017,99,87,88,93,99,83,3.5,3
CB,Truett Moss,23,2017,88,90,85,90,89,81,2.3,1
WR,Phillip Dorsett,24,2015,84,72,78,84,96,78,1.8,2
OL,Sam Thorne,24,2015,84,86,85,87,92,75,0.5,2
OL,Joe Cardona,25,2015,61,48,86,82,46,67,0.4,2
DL,Scotty Palo,24,2015,85,83,89,92,87,94,1.5,1
DL,Daesean Bradley,23,2015,86,82,82,85,87,81,1.7,2
CB,Jahsen Jack,21,2018,89,86,85,92,93,78,1,4
S,Jordan Richards,24,2015,76,59,90,81,86,73,0.7,2
S,Brandon King,24,2015,74,61,83,81,89,54,0.4,1
OL,Wyatt Burnette,25,2015,80,88,88,86,85,73,1.7,4
OL,Morgan Sudduth,23,2016,83,79,90,86,80,75,0.4,3
CB,Micah Raiford,22,2018,81,78,78,87,95,68,0.3,4
OL,Joe Thuney,25,2016,83,83,90,86,74,78,0.6,3
LB,Davion McMillon,23,2016,88,75,86,86,87,79,0.4,3
DL,Maurice Hale,31,2008,61,69,81,85,86,83,0.5,4
OL,Cole Croston,24,2017,69,53,85,82,78,72,0.3,3
WR,Jacob Hollister,24,2017,71,58,88,78,84,78,0.3,3
END_PLAYERS
######################################################################  JETS
New York Jets,NYJ
RB,Ryan Obee,27,2012,75,79,89,88,87,84,3,2
CB,Zion Leavitt,28,2010,71,80,93,90,89,68,6.5,3
OL,Blu Robbins,23,2016,77,64,85,92,88,76,3.7,2
OL,Dylan Guest,26,2011,87,88,87,91,84,93,6.4,2
WR,Daronte Bolden,24,2015,76,78,89,86,86,80,0.5,1
DL,Gore Lako,25,2014,89,84,92,94,97,88,12.1,4
LB,Ed Duplessis,24,2015,79,79,77,87,90,83,0.5,1
RB,Calvon Griggs,27,2013,78,84,85,94,80,84,2.8,2
QB,Corey Kublanow,25,2014,66,84,83,85,79,50,5.4,1
OL,Brian Winters,26,2013,74,84,87,84,73,74,4.3,4
DL,Donavin Black,22,2017,87,77,88,86,91,82,2.5,2
CB,Austin Armour,27,2012,72,74,82,86,90,61,4.2,1
LB,Adam Tagovailo,25,2013,98,91,85,88,89,92,8.4,5
OL,Chase Zeegers,24,2015,72,82,86,84,74,78,5.7,3
LB,Julian Stanford,27,2012,74,66,80,79,82,84,0.4,1
WR,Tion Green,29,2008,78,86,92,88,93,82,3.8,2
DL,David Bass,27,2013,78,67,86,75,74,82,0.5,1
LB,Josh Martin,26,2013,70,62,84,76,80,75,1.3,2
S,Rontez Miles,29,2013,60,67,89,82,85,73,0.3,1
DL,Jules Bradbury,32,2007,67,63,80,88,85,74,0.4,1
OL,Wesley Johnson,26,2014,75,77,90,83,73,71,1.6,1
WR,Jamarico Conrad,25,2014,76,71,81,87,87,73,1.1,1
S,Terrence Brooks,25,2014,73,69,83,84,91,62,0.4,1
OL,Kealand Thurley,23,2016,79,71,87,89,85,78,0.4,1
DL,Kony Ealy,26,2014,84,78,85,81,82,88,0.5,1
K,Kris Devito,29,2011,74,87,82,92,87,64,1.5,1
CB,Jacione Holloway,26,2014,78,83,86,82,90,74,1.3,1
DL,Mike Pennel,26,2014,70,67,83,87,85,77,0.6,1
OL,Kyle Falkenhayn,26,2014,80,74,86,87,84,80,1.5,1
OL,Brent Qvale,26,2014,71,67,87,76,77,73,0.3,1
QB,Josh Kuykendall,26,2011,74,83,83,83,86,70,6.5,2
WR,Trivelle Clark,23,2016,66,65,85,75,85,79,0.4,1
DL,Obum Gwacham,26,2015,66,58,81,74,74,84,0.4,2
DL,Vaa Niamatalolo,25,2013,89,84,82,94,93,89,4.6,2
DL,Xavier Cooper,26,2015,69,67,87,83,81,82,0.5,2
LB,Lorenzo Mauldin,25,2015,67,69,84,79,81,77,0.6,2
CB,Tru Mills,22,2018,77,77,79,90,92,72,0.4,4
WR,Desean Gill,22,2018,83,82,85,91,90,82,1.3,4
RB,Keidrien Mays,22,2018,78,73,87,89,87,82,0.9,4
OL,Brandon Shell,25,2016,79,70,90,82,73,73,0.4,3
LB,Darron Lee,23,2016,73,74,89,80,79,84,2.4,3
LB,JC Hutcherson,25,2014,77,79,81,82,89,78,0.6,3
CB,Maxie Johnson,28,2012,70,63,90,82,88,74,0.5,3
CB,Rashard Robinson,22,2016,74,76,90,86,93,55,0.5,3
K,Hayden Shuman,25,2016,60,54,80,91,75,54,0.4,3
RB,Shai McKenzie,27,2013,70,65,85,89,73,63,0.3,2
WR,Alden Jaeger,28,2011,73,76,82,87,80,74,0.3,2
LB,Freddie Bishop,27,2013,69,54,89,77,83,74,0.3,1
WR,Oakley Youngblood,22,2017,86,74,86,86,86,83,0.6,3
S,Marcus Maye,24,2017,76,68,86,82,90,77,1.4,4
S,Sean Paul,25,2013,98,87,90,91,85,95,7.5,4
WR,Toneil Carter,22,2018,67,81,86,87,83,76,0.5,4
RB,Donteea Hanes,26,2013,77,83,87,86,92,91,2.4,4
CB,Derrick Jones,23,2017,71,50,85,79,90,62,0.4,4
OL,Thomas Hennessy,23,2017,66,57,83,64,46,69,0.3,3
END_PLAYERS
######################################################################  TEXANS
Houston Texans,HOU
CB,Reed Gatlin,28,2011,74,87,84,89,89,68,4,1
OL,Damian Dulka,22,2018,93,84,85,95,84,95,0.6,4
OL,Harlan Smalls,29,2011,76,77,80,88,87,85,2.1,1
QB,Keiron Holloway,31,2008,67,62,86,87,72,66,0.5,1
OL,Joe Pete,21,2017,95,84,84,94,85,93,2.9,3
RB,Jordan Todman,27,2011,69,60,82,77,89,83,0.5,1
DL,Rakkan Maki,28,2011,92,92,89,97,94,97,11.2,5
S,Keanu Hill,25,2013,97,89,89,88,88,93,4,1
S,Eddie Pleasant,29,2012,71,75,91,81,87,73,0.6,1
LB,Lamarr Houston,30,2010,69,82,82,82,87,76,0.5,1
K,Kristjan Voss,25,2013,87,79,81,96,82,61,1.5,1
WR,Krys Kauhi,25,2013,91,93,93,93,92,81,5.4,3
CB,Deon Daily,29,2010,65,79,83,83,89,72,6.4,2
RB,Temi Watts,22,2018,75,81,91,92,74,83,6.1,4
LB,Jelani Jenkins,25,2013,82,75,87,79,79,83,0.5,1
OL,Jakob Mueller,26,2014,75,72,87,84,86,70,2.1,1
LB,Markeiss Lynch,27,2012,86,94,87,87,92,88,4.7,3
OL,Max Hanneken,24,2015,77,74,81,87,73,72,4.5,3
RB,James Tyler-Jones,22,2017,89,83,85,98,92,78,4,3
WR,Ryan Griffin,27,2013,76,72,86,82,75,72,1.8,3
LB,Jordon Cason,24,2014,82,79,80,84,85,86,6.5,2
WR,Beckham Burgess,23,2016,75,80,91,85,81,67,0.7,1
OL,Calvin Dykstra,22,2018,79,77,88,90,89,78,1.2,4
S,Andre Hall,25,2014,78,82,86,87,92,58,0.5,1
QB,Carter Voit,27,2014,66,66,87,93,74,55,0.4,1
RB,Ryann Hill,24,2015,86,86,80,91,82,79,0.4,1
RB,Deshawn Quinn,27,2012,72,75,92,72,81,67,0.4,1
WR,Ta’Riq Abbott,25,2014,91,77,89,94,91,85,0.4,1
DL,Brandon Dunn,25,2014,80,72,85,78,81,75,0.4,2
CB,Marcus Williams,26,2014,67,68,88,81,87,53,1.6,1
DL,Christian Covington,24,2015,77,73,77,78,80,80,0.4,2
LB,Courtney Simon,25,2015,81,81,88,87,81,84,1.1,2
CB,Cornelius Bradley,25,2015,79,78,86,88,88,74,2.3,2
S,Kurtis Drummond,25,2015,74,66,86,82,85,54,0.3,1
OL,David Baumer,25,2015,82,68,88,87,72,77,0.3,1
OL,Kendall Lamm,25,2015,74,69,88,77,82,72,0.3,1
S,Corey Moore,24,2015,87,79,88,82,87,63,0.3,1
LB,Brian Peters,29,2015,61,63,87,74,73,78,0.3,1
WR,Jalon Ferguson,26,2013,78,80,85,79,92,79,2.4,3
WR,JJ Koski,28,2012,85,83,85,92,82,83,4.6,3
OL,Nick Martin,24,2016,76,78,86,85,75,76,1,3
K,Kevin Moe,23,2016,61,48,80,88,87,48,0.3,2
DL,Bear Cano,25,2013,90,75,86,92,86,97,7.4,3
DL,Devin Voorhies,24,2016,80,71,85,82,82,81,0.3,2
LB,Brennan Scarlett,24,2016,69,65,79,72,79,77,0.3,2
WR,Ryan Izzo,27,2013,71,55,85,75,84,71,0.3,2
LB,Ufomba Kamalu,25,2016,68,57,87,80,84,71,0.3,1
QB,Jace Ryan,24,2015,93,86,91,98,87,78,4.5,1
RB,Jevon Crosby,23,2016,74,78,87,84,90,85,0.6,4
OL,Julie'n Davenport,22,2017,79,63,86,85,77,77,0.5,4
OL,Kyle Fuller,23,2017,84,65,88,81,74,74,0.4,4
DL,Julius Hill,30,2009,76,56,87,86,94,83,0.5,4
LB,Zach Cunningham,23,2017,82,75,90,84,84,83,0.9,4
LB,Dylan Cole,23,2017,64,58,87,81,86,80,0.3,3
CB,Kisean Lane,22,2018,85,86,84,90,92,84,0.4,4
END_PLAYERS
######################################################################  COLTS
Indianapolis Colts,IND
DL,Darrell Hyde,23,2016,74,75,82,93,92,78,1.2,2
OL,Markquese Bell,23,2016,89,89,85,89,93,73,6.9,3
LB,Shovon Nash,23,2015,79,87,90,88,86,81,5.1,3
K,Noe Porter,24,2014,55,72,84,88,94,72,1.8,1
OL,Kory Kodanko,29,2012,77,87,87,86,81,85,4.6,4
RB,Orryn Nicholson,34,2005,71,80,90,84,82,82,2.4,1
S,Darius Butler,31,2009,65,79,90,86,89,60,2.7,1
LB,Daylon Dunn,22,2017,79,72,87,83,79,84,1.5,1
DL,Patten Smith,26,2012,86,86,83,93,93,81,5.4,3
LB,Jon Bostic,26,2013,76,72,86,82,80,78,0.4,1
DL,Jamez Holley,21,2018,86,70,84,93,76,79,1.2,4
QB,Charlie Boesen,30,2011,68,65,90,83,77,52,1.2,1
WR,Justin Ikei,23,2016,66,78,82,86,89,80,2.2,1
LB,Quin Jones,23,2016,84,78,88,89,90,80,2.7,2
QB,Marshall McCarthy,27,2011,96,85,90,90,94,99,18.6,5
WR,Jawain Prescod,24,2015,83,80,88,90,93,91,2,1
RB,Casey Sanders,24,2014,89,72,87,86,96,94,7.8,4
CB,Donjae Dawson,26,2012,71,84,83,89,90,74,2.1,1
WR,Scottie Farris,27,2013,70,83,84,88,77,66,3.8,3
WR,Jude Reiter,28,2013,67,66,80,73,86,71,0.5,1
CB,Pierre Desir,27,2014,74,62,86,83,88,62,0.5,1
WR,Sean-T. Faulkner,22,2017,87,78,87,88,92,84,1.7,3
LB,Jeremiah George,25,2014,72,66,87,84,83,79,0.4,2
OL,Kullen Stoner,26,2014,72,81,88,89,72,79,0.7,1
RB,Karon Sweazy,23,2016,88,83,80,85,95,89,2.5,2
OL,Cooper Dreifort,23,2016,79,77,79,87,79,82,0.4,2
DL,Henry Anderson,26,2015,80,83,81,83,86,83,0.5,2
S,Za’Von Spralls,22,2017,90,74,87,84,87,97,0.5,3
OL,Tyreek Burwell,25,2015,61,53,83,82,77,71,0.4,1
WR,Drew-Jay Moore,24,2015,68,59,80,75,80,79,0.3,1
OL,Zayne Berg,27,2014,72,54,82,90,73,73,0.3,1
QB,Alden Hurst,24,2016,74,72,90,94,78,77,0.6,3
OL,Le'Raven Clark,24,2016,72,59,89,81,80,72,0.6,3
OL,Joe Haeg,24,2016,74,73,91,83,75,73,0.4,3
OL,Leif Lenon,24,2016,73,84,89,86,77,79,2.4,3
DL,Luke Laufenberg,21,2017,76,76,78,87,88,94,0.5,3
LB,Joshua Perry,23,2016,75,58,90,85,84,75,0.5,3
LB,Antonio Morrison,23,2016,75,67,83,82,83,77,0.5,3
CB,DJ White,24,2016,66,54,89,81,89,69,0.4,3
S,TJ Green,22,2016,71,63,86,83,93,74,0.8,3
WR,Jamal Bonner,22,2018,91,86,85,89,96,89,0.5,4
CB,Taeyler Porter,24,2015,72,55,89,79,92,76,0.3,1
S,Matthias Farley,25,2016,73,74,88,83,89,72,0.3,2
RB,Forest McKee,21,2017,71,69,87,89,80,80,0.5,4
S,Desean Robinson Jr.,21,2017,76,74,85,86,88,71,3,3
OL,Scottie Tauvaga,22,2018,87,86,84,91,92,83,0.5,4
LB,Tarell Street,23,2017,81,64,89,78,80,76,0.6,3
LB,Anthony Walker Jr.,22,2017,74,58,93,83,84,74,0.4,4
CB,Quincy Wilson,21,2017,74,62,88,79,88,67,1.2,4
OL,Luke Rhodes,25,2016,71,54,88,83,46,45,0.3,1
RB,Darrell Daniels,23,2017,73,57,86,71,86,78,0.3,3
DL,Avondre Meyer,28,2013,76,55,89,90,86,77,0.5,4
CB,Joshua Cole,23,2017,74,63,86,83,88,72,0.4,4
K,Aiden Passmore,23,2017,63,55,88,92,83,55,0.3,3
CB,Kenny Moore,22,2017,69,56,85,82,87,63,0.3,3
END_PLAYERS
######################################################################  JAGUARS
Jacksonville Jaguars,JAX
LB,Luc Johnson,23,2016,90,88,92,86,87,91,3.5,2
WR,Michael Lawson,23,2016,80,77,80,86,83,78,0.6,2
DL,Dakuan Barr,27,2012,73,91,91,87,93,90,9.9,4
DL,Rolando Burgess,29,2009,84,88,89,94,96,87,9.6,5
S,Kam Prewitt,28,2011,70,74,94,80,85,79,3.9,4
OL,Jermey Parnell,31,2009,75,81,82,84,73,76,3.8,3
QB,Jack Lucas,25,2014,72,76,89,88,74,42,2.4,1
WR,Kario Marshall,23,2016,87,82,86,90,94,88,2.4,2
RB,Jasper Bowie,29,2010,73,85,79,85,89,85,4.4,4
DL,Natrick Moran,27,2012,74,79,87,83,88,84,9.5,5
K,Justin Lewis,28,2012,67,62,84,90,82,62,1.3,3
OL,Matt Overton,32,2010,56,60,83,66,57,70,0.5,1
S,Tashaun Gipson,27,2012,85,83,90,85,84,67,4.8,4
S,Peyton Thompson,27,2012,75,62,83,81,88,50,0.4,1
RB,Markus Kinney,29,2011,72,70,85,71,76,68,0.4,1
CB,Akease Shaw,26,2013,86,87,82,91,89,78,9.3,5
DL,LD Braley,25,2014,78,81,84,88,87,77,2.3,4
LB,Lerentee McCray,27,2013,75,67,80,74,75,78,1.2,1
OL,Patrick Omameh,28,2013,75,79,87,82,73,82,0.6,1
WR,John Rolls,24,2016,87,80,87,94,82,81,1.1,2
WR,Siaosi Naiman,27,2011,77,90,87,89,90,81,0.7,1
OL,Owen Cosenke,25,2014,73,89,88,89,80,74,5.3,6
LB,Andre Timochenko,25,2014,85,84,85,87,88,88,5.6,4
QB,Elijah Foster,27,2011,91,97,90,91,96,79,11,2
S,Ocie Pryor,25,2014,76,74,91,83,87,71,0.9,1
CB,Kwamie Dougan,24,2016,76,79,79,86,89,72,0.6,1
CB,Tyler Patmon,26,2014,71,65,83,82,88,59,0.4,1
OL,Josh Wells,26,2014,62,63,84,83,79,74,0.5,2
WR,Allen Hurns,26,2014,86,86,89,86,88,81,4.9,4
OL,Jahkeem Arnold,23,2017,94,74,98,86,97,74,2.6,3
RB,Toryque Bateman,23,2016,80,78,83,86,88,86,1.3,2
WR,Mazzi Tilghman,21,2017,79,78,83,86,91,76,0.6,2
WR,Ben Koyack,24,2015,84,69,86,78,79,67,0.3,1
WR,Tre’Shown Kearse,23,2018,79,79,81,89,87,92,0.4,4
OL,Max Martin,26,2015,77,80,87,89,73,74,0.6,2
DL,Tee Donald,23,2018,94,82,79,97,94,83,2.8,4
OL,Kanon Mackey,25,2015,68,61,82,85,75,76,0.3,1
K,Mason Neisen,22,2017,86,88,81,91,94,58,0.4,1
RB,Korey Marcel,22,2018,78,76,77,93,90,78,0.3,4
OL,Josh Walker,26,2014,68,53,87,76,79,75,0.4,1
OL,William Poehls,26,2014,76,65,86,80,77,74,0.3,1
DL,Sheldon Day,23,2016,68,66,87,80,85,89,0.5,3
LB,Raevon Clarke,23,2016,88,81,83,84,82,87,1.4,3
DL,Yannick Ngakoue,22,2016,84,80,87,80,84,89,0.6,3
CB,Jalen Stanley,21,2017,98,83,87,93,93,83,4,3
S,Jarrod Wilson,23,2016,75,55,88,78,87,63,0.3,2
RB,LaAndre Thomas,22,2017,88,82,85,92,91,89,3.5,3
OL,Matt Tafua,22,2017,86,73,93,91,87,89,1.5,3
WR,Kain Danley,22,2017,83,79,84,92,84,82,0.6,4
DL,Dawuane Smoot,22,2017,75,64,90,82,81,86,0.7,4
LB,Blair Brown,23,2017,68,59,90,86,87,78,0.4,4
CB,Javian Myrick,22,2017,74,51,83,81,96,76,0.4,3
LB,Tyraiq Skanes,22,2018,89,84,89,91,89,80,0.3,4
DL,Eli Ankou,23,2017,75,68,84,82,84,82,0.3,3
WR,Ni’jeel Reams,24,2017,70,63,87,81,87,83,0.3,3
END_PLAYERS
######################################################################  TITANS
Tennessee Titans,TEN
OL,Beau Brinkley,27,2012,56,45,84,69,50,62,0.8,3
WR,Lomoni Levin,21,2017,98,87,90,97,94,84,4,3
LB,Alejandro Benniefied,24,2014,84,88,92,88,80,85,3.2,3
RB,Trey Robinson,22,2017,77,89,86,85,89,88,3.8,3
QB,Milo Reed,35,2005,61,74,87,84,74,47,1.6,2
K,Cameron Kaye,24,2015,78,83,85,90,93,58,1.7,1
DL,Bryan Murdaugh,24,2017,84,88,88,92,94,85,3,3
S,Da'Norris Searcy,29,2011,66,74,88,83,87,72,4.2,2
WR,Deontay Stockton,28,2011,62,75,86,83,88,79,1.9,1
WR,Hakim Chapman,25,2014,74,80,83,79,85,79,0.8,2
WR,Corey Thomas,23,2016,94,84,85,91,85,80,3.2,2
LB,Erik Walden,32,2008,72,76,87,80,80,77,1.8,1
DL,Arron Roland,23,2018,73,73,84,88,88,80,1.5,4
DL,Taevion Mason,26,2013,76,73,84,86,84,80,4.1,3
S,Neisen Faauli,21,2017,94,94,90,87,94,88,4.2,3
LB,Orlando Brown,25,2013,77,83,86,85,91,81,5.4,2
CB,Cameron Shoemo,22,2017,85,83,92,86,88,86,6.4,3
CB,Deiondre Goodman,27,2013,63,70,85,84,90,58,1.9,1
OL,DeJaun Cooper,23,2016,77,74,90,91,74,83,1,1
LB,Derrick Morgan,28,2010,72,77,88,77,83,76,4.9,2
K,Colton Dowell,30,2009,70,64,70,90,83,64,2.1,3
QB,Matthew McRoskey,23,2016,78,64,90,90,73,46,0.5,1
OL,Chase Ross,27,2012,79,87,92,88,78,75,2.7,3
OL,Adam DeLaGarza,22,2018,91,78,88,89,83,92,0.9,4
WR,Matt Rison,28,2012,78,89,89,89,89,80,3.6,2
WR,Justin Szuba,23,2017,79,70,85,77,81,76,1.1,2
LB,Nate Palmer,28,2013,66,64,86,80,83,77,0.8,2
DL,Leon Greenway,24,2015,65,60,86,83,82,83,0.4,1
LB,Daren Bates,27,2013,69,58,89,79,74,76,1.3,3
S,Brynden Trawick,28,2013,58,62,88,81,85,74,1.4,2
OL,Joshua DeCambre,25,2014,80,87,84,83,82,85,1.2,1
OL,Leone Mahe,24,2015,85,91,89,91,85,83,3.5,2
LB,Marquis Braun,30,2009,72,77,88,87,86,79,0.6,1
DL,Kelle Sanders,25,2013,85,87,83,88,91,82,0.6,1
QB,Fox Conawy,24,2016,85,86,94,94,87,79,6,2
RB,Kullen Wells,27,2015,77,74,75,75,77,72,0.5,2
CB,Tye Smith,24,2015,78,62,87,81,87,52,0.4,2
S,Curtis Riley,25,2015,66,63,87,82,89,62,0.3,1
OL,Konnor Kline,26,2015,80,83,89,84,77,82,0.3,1
WR,Coco Burkett,21,2018,93,83,85,96,84,85,3,4
RB,Jahkeem Green,23,2016,89,86,90,88,88,85,1.1,3
WR,Tajae Sharpe,23,2016,76,77,87,86,87,77,0.4,3
OL,Jack Gourlay,23,2016,83,86,92,87,78,73,3.8,3
LB,Kevin Dodd,25,2016,79,71,85,83,85,78,1.4,3
DL,Cooper Root,23,2018,88,86,88,88,90,92,2.8,4
S,Kevin Croft,24,2016,81,78,89,85,89,76,0.7,3
CB,LeShaun Sims,24,2016,81,77,86,86,88,56,0.4,3
CB,Kalan Reed,24,2016,65,52,88,80,89,64,0.3,1
RB,Calvin Ridley-Foster,21,2017,77,89,86,67,92,92,0.4,2
WR,Corey McClain,22,2017,83,72,88,83,90,83,0.8,3
WR,Conrey Taylor,22,2017,74,65,92,82,92,80,0.7,4
WR,Jonnu Hulett,22,2017,69,67,87,81,85,75,0.6,4
CB,Zay Armstrong,22,2017,80,66,87,86,92,76,2.6,3
OL,Corey Levin,23,2017,73,58,86,85,78,74,0.4,3
LB,Jayon Brown,22,2017,72,63,87,82,81,78,0.4,3
END_PLAYERS
######################################################################  BRONCOS
Denver Broncos,DEN
DL,Mario Jones,30,2009,84,86,95,95,84,72,7.5,2
WR,Alencio Graham,27,2012,73,90,90,83,91,84,9.7,3
CB,Tysean Harreison,26,2013,79,83,88,92,88,71,6.3,3
WR,Dane Hand,29,2011,71,85,81,78,86,79,2,1
RB,Dewayne Fahey,29,2010,74,84,82,83,90,85,1.5,1
LB,Rickardo Archie,23,2017,89,85,92,94,93,93,3.5,3
CB,Jayvion Lewis,25,2014,87,93,91,93,91,69,6.3,3
S,Darian Stewart,29,2010,72,82,89,85,85,69,4.6,4
OL,Menelik Watson,29,2013,79,76,83,84,72,71,4.4,3
WR,Sam Bazie,25,2013,98,88,86,97,95,87,8.3,3
OL,Allen Barbre,33,2007,60,76,85,84,77,73,1,1
DL,Lucio North,30,2009,75,83,89,99,92,89,8.6,3
QB,Fyn Dinucci,27,2012,80,69,92,96,75,58,0.5,1
OL,Donald Stephenson,29,2012,80,73,86,84,74,69,3.4,2
DL,Jared Crick,28,2012,66,79,81,81,84,81,1.5,1
LB,Lou Noriega,28,2012,71,83,88,89,86,83,5.3,4
DL,Billy Winn,28,2012,67,65,84,82,85,84,0.5,1
OL,Ben Mills,27,2013,80,86,82,87,78,89,5.9,4
RB,Jaiden Snazjder,24,2015,97,88,86,93,89,99,4.5,1
OL,Tom Kelton,25,2014,89,88,85,90,89,86,0.4,1
OL,Codie Kcehowski,24,2014,74,74,77,86,77,78,0.4,1
DL,Emil Calhoun,26,2014,68,71,83,84,86,83,0.4,1
CB,Kyle Covington,25,2014,83,76,84,88,93,60,1.5,1
OL,Billy Turner,26,2014,78,73,85,85,69,77,0.5,1
WR,Jordan Tae-Jackson,23,2016,68,48,85,78,90,77,0.7,1
DL,Varrien McNeil,26,2014,77,83,77,87,87,78,1.1,2
LB,Luke Buddenburg,22,2018,90,92,85,89,84,94,0.8,4
K,Damon Manning,26,2014,74,90,85,97,90,60,1.6,1
LB,Deaven Burns,23,2016,82,85,90,88,86,81,1.6,1
QB,Avery McVey,31,2008,73,89,85,98,90,63,9.5,1
WR,Jeff Heuerman,25,2015,72,67,85,79,79,69,0.5,2
WR,Rakavian Staley,26,2015,84,72,84,88,82,75,0.4,2
OL,Dannell Burgess,26,2015,76,79,86,89,75,72,0.4,2
LB,Shane Ray,24,2015,85,76,84,76,79,81,2.1,2
CB,Lorenzo Doss,23,2015,66,60,87,79,89,45,0.4,2
LB,Zaire Anderson,25,2015,67,52,85,81,81,74,0.3,1
WR,Maverick Gallagher,26,2014,79,69,87,82,88,71,0.3,1
LB,Shaquil Barrett,25,2014,88,87,87,79,79,79,0.4,1
WR,Joaquin Slater,26,2014,76,73,79,87,87,78,0.4,1
OL,Casey Kreiter,27,2014,61,60,87,68,48,72,0.3,1
QB,Kolt Harfield,23,2016,88,81,92,93,84,74,3.5,3
RB,JaMycal Hasty,25,2016,72,77,90,80,87,85,0.5,3
OL,Connor McGovern,24,2016,65,58,90,87,78,71,0.4,3
DL,Vic Marchie,22,2018,79,77,84,89,93,83,0.8,4
S,Alden McNamara,27,2013,78,72,86,85,88,75,2.6,3
RB,Kobe Winters,24,2016,77,72,85,74,79,72,0.4,3
S,William Parks,23,2016,76,71,87,80,85,74,0.4,3
K,Shane Hardy,27,2013,78,59,86,88,79,59,0.4,3
CB,Brendan Langley,23,2017,77,59,88,81,91,74,0.6,4
OL,Joel Willis,24,2015,78,73,89,90,87,77,2.6,4
LB,Demarcus Walker,23,2017,70,62,91,77,81,72,1,4
RB,Jhye Davis,23,2018,82,76,85,81,93,93,0.4,4
WR,Markevis Woods,22,2018,84,61,82,93,83,75,0.4,4
S,Jamal Carter,23,2017,72,50,89,77,85,72,0.3,3
OL,Elijah Wilkinson,22,2017,70,63,83,80,72,73,0.3,1
END_PLAYERS
######################################################################  CHIEFS
Kansas City Chiefs,KC
DL,Roy Miller,30,2009,64,74,85,87,89,78,0.8,1
RB,Devajee Bush,29,2011,73,79,90,68,79,67,4.3,1
S,Scott Smith,27,2010,97,97,90,97,86,94,10.2,5
LB,Tyrell Burnside,26,2013,66,93,87,89,84,83,5.5,2
K,Makhail Falcone,28,2010,82,90,89,97,97,55,2.7,1
LB,Alex Mack,34,2006,59,86,89,81,88,78,5.1,2
DL,Noe Gallo,25,2014,82,74,89,90,88,84,4.9,2
DL,Dante Kohl,27,2013,74,77,77,91,87,76,0.5,1
LB,Si Flacco,26,2012,95,86,87,99,92,84,12.5,4
QB,Daulton Rush,26,2013,74,86,91,87,86,63,4,2
S,Ron Parker,30,2011,75,82,83,87,90,69,3.6,3
LB,Frank Zombo,30,2010,72,73,87,78,76,75,0.8,2
OL,Scott Wiese,26,2013,80,84,91,88,74,85,8.7,5
WR,Luther Jones,23,2016,83,85,84,94,85,83,2.8,2
DL,Dru Seabrook,28,2013,70,78,84,89,92,81,5.4,1
OL,Tom Wade,25,2015,80,85,87,86,85,73,4.8,4
QB,Tyler Bray,26,2013,63,52,83,93,70,45,0.6,1
CB,Devon Freeman,25,2014,73,74,89,85,89,64,0.4,1
WR,Casper Faulk,23,2018,95,86,84,95,86,90,0.5,4
CB,Zyon Blakes,22,2018,73,68,82,87,89,83,0.4,4
OL,Olin Michaud,25,2015,79,78,86,85,80,75,0.5,1
LB,Dee Ford,26,2014,76,74,86,76,82,83,2.7,2
WR,Kajai Tyler,24,2014,78,70,76,78,92,83,0.5,1
LB,Kevin Pierre-Louis,26,2014,72,69,82,82,84,84,0.4,1
OL,Tobias Lai,26,2014,83,80,89,92,83,83,5.5,6
WR,Korei Shaunfield,26,2013,72,75,83,78,87,78,1,2
WR,Jackson Ross,22,2017,79,79,85,84,91,78,1.1,1
S,Daniel Sorensen,27,2014,75,77,90,82,84,70,3,4
OL,Jordan Devey,29,2014,72,65,87,82,80,69,0.4,1
S,Steven Terrell,27,2013,74,66,85,84,92,58,0.4,1
RB,DyKari Roberson,25,2013,75,73,82,81,91,83,0.9,2
WR,Nick Cruz,27,2013,78,73,85,93,83,78,0.6,2
OL,Aaron Craig,25,2015,78,87,85,92,81,74,0.9,2
OL,Cameron Erving,25,2015,74,70,86,84,73,74,2.2,2
DL,Rakeem Roches,24,2015,71,65,80,80,85,79,0.3,1
LB,Kiy Coffman,25,2015,80,81,88,85,84,84,0.3,1
CB,Lane Moriarty,27,2012,75,90,87,90,90,70,2.2,2
CB,Mook Reynolds,28,2011,73,74,91,85,90,74,0.5,2
RB,Dre Brown,24,2015,70,68,85,71,92,76,0.3,1
OL,James Winchester,28,2013,61,50,75,67,48,50,0.5,5
OL,Bryan Witzmann,27,2014,68,72,85,80,77,73,0.3,1
WR,Demarcus Robinson,23,2016,78,57,86,75,88,75,0.5,3
OL,Parker Ehinger,25,2016,78,66,83,80,79,74,0.5,3
DL,Aron Gaines,27,2012,80,86,86,88,90,87,1.3,3
LB,Dillon Reinkensmeyer,21,2018,94,88,89,87,84,95,1.2,4
LB,Terrance Smith,24,2016,73,56,81,78,81,76,0.3,1
S,Eric Murray,23,2016,81,65,89,82,89,70,0.5,3
WR,Keeon Johnson,25,2014,79,87,83,94,87,80,2.4,3
WR,Tai’yon Holly,22,2018,94,77,87,96,91,93,0.3,4
QB,Shiloh Pierce,24,2015,98,90,92,90,93,98,4.5,1
RB,Zordan Mechane,23,2016,87,86,86,92,94,93,3.3,2
WR,Jehu Chesson,24,2017,69,61,87,84,90,77,0.5,4
LB,TreSean Allen,23,2017,72,60,85,77,83,73,0.8,3
K,Drew Riethman,23,2016,76,53,80,91,83,53,0.4,4
LB,Ukeme Eligwe,23,2017,76,56,84,83,83,76,0.4,4
END_PLAYERS
######################################################################  RAIDERS
Oakland Raiders,OAK
S,Reggie Nelson,34,2007,42,81,93,86,87,73,2.5,1
OL,Logan Veo,23,2017,95,84,86,92,89,94,3.6,3
OL,Romain Luckett,31,2008,73,92,90,88,89,87,5.3,3
WR,Lee Smith,30,2011,65,73,84,69,72,66,1.3,1
CB,Jacob Revis,23,2016,79,78,88,89,87,74,6.8,3
LB,Camran Lamb,26,2012,99,95,85,97,98,82,9.6,4
WR,Ryyan Zuewsky,26,2013,80,95,91,88,87,83,5.3,3
K,Tod Zuniga,29,2010,94,90,84,99,92,55,2,4
RB,Mekale Barber,25,2009,72,76,86,75,87,77,4.5,2
OL,Jakori Savage,24,2015,75,73,85,86,81,76,1,2
K,Al Pittman,29,2012,65,63,82,90,87,63,1.5,1
OL,Jon Condo,36,2005,56,82,84,71,51,65,0.7,1
QB,Cameron Bauer,22,2017,85,86,89,92,84,72,2.5,2
WR,Mackensie Cooke,24,2014,94,75,89,94,99,92,9.5,5
CB,Devyn Brooks,26,2013,83,84,86,88,90,77,4.1,4
RB,CeeCee Holmes,27,2011,68,84,89,94,89,90,2.7,2
WR,Adonis Robinson,22,2017,72,83,84,84,86,76,3.2,2
LB,Bryan Taylor,26,2013,87,88,91,91,87,83,6.3,3
OL,D’Andre Newell,26,2014,80,84,85,93,88,79,7.1,4
K,Giorgio Tavecchio,27,2012,63,54,81,91,84,54,0.3,1
OL,Colton Lueck,26,2014,83,86,86,92,72,75,2.7,4
CB,Darvin Adams,23,2017,82,77,84,89,91,76,0.5,1
S,Keith McGill,28,2014,60,56,80,81,89,71,0.5,1
QB,Von Kaufman,31,2008,78,94,83,98,87,67,11,1
DL,Mossi Thurman,29,2011,74,76,83,84,89,81,0.6,1
DL,Stefon Ray,26,2014,89,90,95,95,93,95,4.5,1
DL,Denico Autry,27,2014,78,75,83,75,81,81,1.1,1
WR,Taz Zettergreen,23,2015,81,85,85,89,84,82,5.6,2
WR,Clive Walford,26,2015,74,74,86,83,79,73,0.6,2
OL,Jon Feliciano,25,2015,68,65,87,81,79,77,0.5,2
DL,Luke Niemeyer,23,2015,92,88,78,94,88,93,1.3,2
CB,Dexter McDonald,26,2015,62,51,83,81,91,52,0.4,2
WR,Hassan Kaplan,26,2014,70,81,86,83,91,77,3.2,3
QB,Connor Cook,24,2016,69,64,91,90,76,52,0.5,3
RB,Tyain Smith,23,2016,83,68,90,79,94,87,0.4,3
OL,Vadal Alexander,23,2016,70,64,87,86,74,78,0.4,3
LB,Jihad Ward,23,2016,77,64,89,82,84,73,1.2,3
LB,Shilique Calhoun,25,2016,66,62,89,79,82,77,0.6,3
DL,James Cowser,27,2016,68,57,84,81,82,84,0.3,1
S,Kei Beckham,24,2016,86,84,85,87,87,77,2.8,2
LB,Kyle Tauliili,24,2015,92,82,88,92,89,88,2.4,1
DL,Darius Latham,23,2016,71,59,84,82,84,78,0.3,2
S,Andre Claiborne,23,2018,84,83,87,87,85,95,0.3,4
WR,Charlie Niemiec,28,2013,77,88,87,86,86,79,0.7,2
RB,Calvin Cass Jr,28,2011,73,78,87,86,90,85,2.3,2
OL,Jakob Clinton,22,2018,84,83,86,92,88,94,0.5,4
DL,Treyvon Hester,25,2017,79,67,85,85,83,77,0.4,4
DL,Sam O’Brion,23,2016,80,67,85,89,86,84,1.6,2
LB,Marquel Lee,22,2017,79,73,90,83,83,77,0.4,4
CB,Naranjo Jackson,22,2018,84,82,88,87,91,75,2.4,4
RB,Ziggy Hood,21,2018,93,83,89,85,98,96,0.9,4
OL,Jylan Ware,24,2017,65,53,87,85,77,73,0.4,4
S,Shalom Luani,23,2017,67,59,88,79,87,64,0.4,4
LB,Xavier Woodson-Luste,22,2017,70,61,85,77,77,77,0.3,3
LB,Nicholas Morrow,22,2017,74,69,84,77,80,83,0.3,3
END_PLAYERS
######################################################################  CHARGERS
Los Angeles Chargers,LAC
OL,Mike Windt,31,2010,76,72,83,73,55,65,0.8,4
QB,Kyle Gallenkamp,24,2015,75,87,97,89,84,43,2.5,1
WR,Nile Lucas,27,2013,71,95,82,89,77,78,3.6,1
OL,Kason Conrad,24,2015,80,77,85,88,72,73,3.9,3
DL,Jake Bateman,23,2016,88,70,89,91,86,94,7,4
WR,Jeff Cumberland,30,2010,75,82,83,73,86,65,0.5,1
OL,CJ McAnally,25,2015,74,91,87,89,74,73,1.4,1
QB,Keiron Rohrschneider,22,2018,98,86,84,94,94,81,4.5,4
WR,Rion Jamison,29,2009,80,82,80,96,81,73,6.5,4
OL,Maxim Larzelere,24,2015,75,81,84,88,73,87,9.4,4
DL,Val Graff,30,2009,74,87,86,91,92,80,3.3,2
OL,Ryen Redeker,22,2018,92,75,86,92,85,93,0.6,4
K,Jon Barrett-Lewis,22,2017,82,64,79,90,93,64,0.5,1
DL,Damani King,28,2012,75,85,87,83,85,90,11.2,4
CB,Keonte Lucas,27,2011,70,89,83,88,89,67,3.6,2
WR,Calvin Matthews,23,2016,71,85,80,86,92,81,3,2
LB,Korey Toomer,29,2012,66,80,76,78,79,88,1.1,1
WR,Loic Merriweather,23,2018,82,79,86,85,87,87,0.4,4
S,Jahleel Addae,27,2013,79,83,89,85,83,74,3.7,4
DL,Damion Square,28,2013,64,70,82,80,82,82,1.6,2
RB,Andre Williams,25,2014,71,72,84,84,87,80,0.4,1
DL,Jeremiah Attaochu,24,2014,83,74,84,73,79,88,0.8,1
CB,Kesni Tausinga,23,2017,85,83,88,91,93,67,2.6,3
S,Colby Gore,22,2017,78,77,87,85,87,75,0.6,1
OL,Michael Schofield,27,2014,79,76,84,83,74,72,0.7,1
DL,Chris McCain,26,2014,71,68,86,61,69,85,0.4,1
OL,Evan George,25,2014,71,63,84,84,77,77,0.4,1
DL,Donyae Hopkins,25,2013,71,68,82,89,89,82,0.4,1
RB,Zawnte Nolan,26,2014,77,72,86,85,88,91,1.5,1
S,Adrian Phillips,25,2014,70,68,87,82,87,69,0.4,1
RB,Ronde Berry,24,2015,88,84,88,87,94,93,3.5,1
WR,Geremy Davis,25,2015,62,48,81,84,89,80,0.4,1
DL,Darius Philon,23,2015,79,68,84,79,82,85,0.4,2
LB,Kyle Emanuel,26,2015,68,70,86,72,80,77,0.4,2
LB,Cole VanWey,23,2016,94,83,90,89,88,92,3,2
LB,Hayes Pullard,25,2015,66,67,87,77,76,79,0.3,2
LB,Lazarus Crews,23,2017,73,66,89,85,88,73,0.3,1
WR,Shawn Reed,25,2015,76,85,84,86,91,82,0.3,1
QB,Shea Kelly,22,2017,74,62,90,93,78,73,1.5,3
RB,Kortez Weeks,25,2016,62,54,90,73,81,72,0.4,3
WR,Connie Browne,29,2010,74,77,91,86,84,74,1.4,3
DL,Cassius Park,32,2006,81,82,87,87,84,87,4,3
LB,Rolando Greene,24,2015,95,89,98,97,96,84,4.1,1
K,Dominick Covatto,24,2016,67,51,73,95,75,51,0.4,3
OL,Spencer Pulley,24,2016,75,75,86,83,78,74,0.3,2
CB,Shiheem Friekh,28,2012,71,78,85,87,91,68,2.5,1
WR,Rhett Chalmers,28,2012,82,74,88,87,89,83,4.8,2
CB,Michael Davis,22,2017,68,57,89,78,92,72,0.3,1
OL,Danley Exilhomme,23,2017,73,64,84,91,77,75,0.7,4
CB,Desmond King,23,2017,84,72,92,84,86,72,0.4,4
LB,James Onwualu,23,2017,73,59,87,78,80,78,0.3,3
S,Rayshawn Jenkins,23,2017,70,62,84,81,89,74,0.6,4
OL,Sam Tevi,23,2017,63,55,87,79,78,74,0.4,4
RB,Eric Burrell,22,2017,79,78,85,95,82,83,0.3,3
WR,Sean Culkin,24,2017,67,55,89,74,82,71,0.3,3
END_PLAYERS
######################################################################  BEARS
Chicago Bears,CHI
DL,Vicente Tipton,30,2010,75,84,84,84,85,81,0.8,1
K,Jimmie Rios,31,2008,57,60,78,88,84,60,0.6,1
LB,Pernell McPhee,29,2011,75,83,87,83,91,77,4.9,3
LB,Sam Acho,29,2011,67,74,86,83,80,76,0.6,1
CB,Ta’Hji Thomas,23,2017,85,81,87,89,90,84,3.5,3
WR,Keandre Miller,33,2009,47,79,80,89,85,77,1.9,1
QB,Mark Connor,31,2009,75,70,88,87,74,55,1.6,1
LB,Willie Young,32,2010,74,81,85,76,80,78,2.7,2
OL,Josh Sitton,31,2008,76,92,84,91,77,83,4.6,2
OL,Koi Freeman,27,2013,75,72,83,83,78,73,0.5,1
WR,Dillon Stoner,28,2012,65,77,87,79,89,75,0.5,1
OL,Jess Damron,27,2014,73,85,91,84,85,80,6,5
QB,Blake Kiel,26,2015,70,77,90,93,77,42,9.6,3
WR,Cleavant Wever,26,2013,79,75,89,90,83,80,3.7,2
DL,Pacey Burress,24,2016,96,76,82,92,89,95,0.6,1
CB,Sherrick McManis,30,2010,60,63,80,82,87,68,0.9,1
WR,Kai Redden,26,2013,76,77,80,82,80,72,3.8,3
S,Jon Ryker,23,2016,89,87,87,83,88,92,2.9,3
WR,Kavika Johnson,28,2012,76,78,91,94,86,85,7.3,1
DL,Shane Kolaczkowski,25,2014,72,87,86,87,90,83,3.3,1
OL,Bobby Massie,28,2012,77,78,88,83,73,74,3.9,2
LB,Nez Dacosta,22,2017,92,86,87,92,88,92,4,3
OL,Noel Black,25,2014,76,71,90,90,74,74,1.6,1
LB,Morgan Morrison,23,2016,97,80,88,94,96,82,2.7,2
CB,Memphis Marquez,27,2013,74,76,87,85,90,70,3.5,3
OL,Andrew Depaola,30,2012,69,65,83,76,73,71,0.4,1
RB,Benny Cunningham,27,2013,78,75,87,80,87,79,0.6,1
CB,Joey Junius,21,2017,76,76,90,88,92,77,0.5,1
OL,Charles Leno Jr.,26,2014,76,81,85,81,85,75,0.4,5
K,Sam Gerst,22,2017,88,86,81,91,91,66,0.4,1
LB,Christian Jones,26,2014,78,75,89,80,79,81,1.2,1
WR,Zoron Owens,24,2015,76,78,86,93,88,82,1.6,1
RB,K’Jakrye Dylan,23,2016,73,77,84,64,81,65,0.4,2
WR,Eric Derise,22,2018,91,91,86,94,82,87,3,4
OL,Beck Tabor,22,2018,87,79,86,90,85,93,0.6,4
DL,Chris Wilson,25,2013,85,78,84,88,90,78,1.2,2
S,Adrian Amos,24,2015,82,77,85,85,93,61,0.4,2
CB,Bryce Callahan,26,2015,85,80,86,90,94,56,0.4,1
WR,Shawn Lozano,23,2016,85,86,87,93,83,82,2,3
WR,Keshawn Bouie,23,2018,83,79,86,88,86,88,0.4,4
RB,Keagan Lewis,23,2016,80,87,85,89,90,89,1.4,2
OL,Kooper Richardson,25,2016,83,88,89,87,77,70,0.8,3
DL,Papi Taiwo,24,2018,88,89,87,95,94,87,0.6,4
LB,Trevin Meyers,24,2016,76,74,87,85,85,82,0.5,3
LB,Leonard Floyd,25,2016,74,74,86,83,82,85,3.8,3
CB,Deiondre' Hall,23,2016,63,51,86,81,88,64,0.5,3
S,Deon Bush,24,2016,78,62,87,81,87,67,0.5,3
S,DeAndre Houston,24,2016,65,52,89,79,88,77,0.4,3
CB,Cre'von LeBlanc,23,2016,74,68,85,82,87,75,0.3,2
QB,Homer Reese,28,2012,95,97,90,93,93,79,12.5,4
WR,Adam Cohee,24,2017,66,60,86,82,81,78,1.3,4
S,Eddie Jackson,25,2017,71,71,78,83,88,67,0.6,4
LB,Roy Robertson,24,2016,71,62,85,80,83,73,0.3,2
RB,Kishawn Miller,22,2017,82,77,85,81,92,88,1.5,3
RB,Connor Degenhardt,24,2017,77,81,85,91,87,80,0.3,3
END_PLAYERS
######################################################################  LIONS
Detroit Lions,DET
K,Kitt Pilgrim,23,2017,87,89,74,90,95,69,1.9,1
OL,Don Muhlbach,36,2004,63,82,84,77,62,52,0.7,1
S,Don Carey,30,2009,66,63,86,81,86,64,0.5,1
OL,Don Barclay,28,2012,81,75,87,82,73,69,0.7,1
QB,Dante Howard Jr,23,2017,87,88,94,90,92,90,4,3
OL,Jakwaize Walker,23,2015,88,92,88,89,87,86,7.3,3
DL,Vince Keel,30,2009,70,79,88,84,86,89,5.5,1
CB,Kevion McGee,25,2014,86,71,82,86,91,78,2.8,1
LB,K-Darius Warren,25,2014,70,76,83,87,85,73,0.5,1
CB,Cree Ford,23,2017,84,86,86,91,94,72,3,3
DL,Pennamon Smith,29,2010,75,84,91,94,92,81,4.8,1
WR,Traco Wood,22,2017,87,89,91,88,89,90,2.8,3
S,Glover Quin,31,2009,78,90,89,88,86,73,4.6,3
DL,Larance Shaw,26,2013,85,77,86,91,91,82,2.2,3
K,Jake Cirame,25,2015,64,66,84,96,86,66,2,4
OL,Keegan Ruark,26,2015,82,87,85,87,84,80,4,5
DL,Kobe Wren,25,2015,76,68,76,88,84,84,2.2,2
S,Tavon Wilson,27,2012,86,83,92,85,87,73,1.1,1
LB,Zarak Scruggs,27,2012,85,83,88,91,93,85,2.5,3
WR,Jocquise Earley,25,2014,79,87,89,83,90,80,4.8,4
DL,Jacquies Smith,27,2012,69,73,78,72,73,82,1.1,1
RB,Dazhawn Allen,26,2013,77,85,88,78,87,90,2.3,3
LB,Jamiyus Mack,22,2018,97,83,89,91,90,90,2.2,4
OL,Axel Greer,26,2014,82,86,90,87,73,73,3.7,4
CB,Joey Harrison,26,2014,78,78,89,86,90,78,0.6,1
DL,Shareef Loveless,23,2018,90,82,82,92,87,96,1.1,4
WR,Tevin Williams,24,2014,87,82,88,83,87,82,2.9,1
WR,JaVaughn Craig,25,2014,70,66,89,82,90,79,0.4,1
WR,Jared Bohannon,27,2014,68,68,88,79,89,71,0.4,1
RB,Darren Fells,31,2014,71,76,84,71,73,72,0.7,1
RB,Jamarious Morgan,24,2015,92,79,85,86,93,87,5.8,4
OL,Harry Sampson,25,2015,74,62,80,89,79,77,0.4,2
OL,Brian Corbin,25,2015,62,59,83,82,74,71,0.3,2
CB,Quandre Diggs,24,2015,78,80,89,84,87,67,0.4,2
RB,Jacks Brown,26,2015,71,76,84,91,80,79,1.3,1
OL,Emmett Cleary,27,2013,61,52,87,81,78,75,0.4,1
OL,Graham Nolan,25,2016,73,74,89,84,74,74,0.5,3
OL,Blake Flemming,23,2016,89,86,90,90,84,84,2.6,3
DL,Marcus Stapleton,22,2018,80,82,90,88,86,93,0.4,4
DL,A'Shawn Robinson,22,2016,78,71,89,86,89,81,1.1,3
LB,Steve Longa,23,2016,62,50,89,85,85,73,0.3,2
S,Corbin Conley,24,2016,86,76,88,85,87,87,1,2
QB,Will McCary,24,2016,71,76,88,88,73,56,0.3,1
RB,Reggie Griffiths Jr,29,2010,77,65,80,76,90,78,2.4,3
S,Kam Flowers,22,2018,86,89,84,88,96,94,0.3,4
WR,Jace Billingsley,24,2016,70,54,87,77,90,82,0.3,2
WR,Michael Roberts,23,2017,80,65,88,81,77,70,0.5,3
DL,Jeremiah Ledbetter,23,2017,77,63,85,83,84,83,0.4,3
LB,Cyrus Dickerson,30,2009,77,76,82,89,89,84,2.6,4
LB,Jalen Reeves-Maybin,22,2017,78,62,84,77,76,79,0.5,4
CB,Dajon Kulick,22,2017,70,63,88,80,87,72,1,4
WR,Donovahn Ross,24,2016,78,76,88,86,90,81,1.6,2
CB,Jamal Agnew,22,2017,72,51,85,81,93,76,0.4,4
DL,Jeremiah Valoaga,23,2017,69,62,85,68,73,81,0.3,3
RB,Tyriq Green,24,2017,72,84,83,85,81,81,0.3,3
END_PLAYERS
######################################################################  PACKERS
Green Bay Packers,GB
WR,Jamario Bell,24,2014,97,87,89,98,91,84,7.9,3
WR,Lance Kendricks,29,2011,71,79,89,78,82,74,1.6,2
CB,Davon House,28,2011,67,74,86,83,89,60,2.2,1
LB,Calvon Brooks,33,2006,70,76,88,69,79,76,3.1,1
OL,Dana Graham,28,2010,76,86,86,88,74,87,5,3
S,Malique Fleming,27,2011,96,94,86,87,90,98,6.9,2
LB,Shane Flowers,27,2013,79,85,91,83,87,83,7.4,3
QB,Shaun Garcia,27,2011,96,96,94,97,94,71,17.4,3
K,Will Vanvick,27,2012,84,79,87,94,84,59,3.2,3
WR,Kelcie Levigne,28,2010,84,90,89,97,89,77,7.6,2
OL,Jae Bannister,28,2012,66,84,87,87,80,77,1.5,1
OL,Phoenix Whittaker,23,2017,89,98,83,90,87,97,3.5,3
DL,Tyrae Simmons,23,2016,74,77,78,87,87,78,2.7,3
LB,Devon Rizzo,27,2012,79,83,88,82,85,89,5.3,3
DL,Rhakim Gill,26,2014,76,92,87,94,95,87,6,3
OL,Ryker Parrish,26,2015,72,83,85,87,79,75,1.5,1
OL,Chris Miller,26,2014,76,88,85,91,79,75,0.6,1
CB,Demetri Goodson,28,2014,55,59,78,83,91,53,0.4,1
S,Navaughn Shallman,25,2014,77,84,90,86,87,80,2.3,2
OL,Ulrick John,25,2014,71,71,84,77,75,71,0.3,1
WR,Keisean Cassidy,27,2012,74,83,87,90,89,81,0.8,1
WR,AJ Howard,23,2016,79,76,82,83,78,75,0.9,2
WR,Jeff Janis,26,2014,72,66,86,79,92,74,0.3,1
QB,Nicco Ruff,24,2015,77,58,88,91,74,75,0.4,2
RB,Lamarcus Dalton,28,2012,75,84,82,67,82,63,0.4,2
RB,Kareem Nation,33,2005,83,91,83,99,90,81,5.5,2
LB,Chris Tui,24,2014,88,86,86,88,90,90,4,3
CB,Lucius Jett,29,2011,71,71,90,84,87,79,0.7,2
CB,Jayvion Leach,28,2012,79,72,87,86,90,70,1.8,2
S,Jermaine Whitehead,24,2015,68,51,86,79,89,53,0.3,1
LB,Joe Thomas,26,2014,82,77,87,80,80,81,0.4,1
OL,Justin McCray,25,2014,76,66,80,89,77,72,0.3,1
WR,Tae Kirch,27,2012,73,71,84,82,87,77,0.3,1
OL,Clayton Collins,23,2018,74,76,92,93,81,89,1,4
DL,Ira Gibbs,28,2010,72,68,89,97,88,80,2.1,3
LB,Josh Zellars,24,2015,96,87,92,95,89,94,7.5,4
LB,Kyler Fackrell,26,2016,73,63,84,83,82,78,0.6,3
DL,Terronne Henderson,23,2016,75,62,89,86,89,84,0.5,3
WR,Trevor Davis,24,2016,73,68,85,78,92,72,0.4,3
QB,Joe Callahan,24,2016,67,53,89,85,75,61,0.3,1
CB,Connor Tauaalo,21,2018,90,89,84,93,93,67,0.3,4
S,Marwin Evans,24,2016,66,54,87,82,90,64,0.3,2
RB,Dontae Strickland,25,2014,81,63,86,84,88,83,0.5,4
DL,Shaun Cage,23,2018,86,88,92,92,86,93,0.4,4
LB,Vince Lovett,24,2017,74,62,83,79,81,77,0.6,4
CB,Andre Edwards,25,2014,72,69,86,86,91,74,1.6,4
S,Jon Jones,23,2017,71,71,88,85,92,77,0.8,4
K,John Domit,28,2013,77,85,78,93,81,55,0.3,3
OL,Derek Hart,25,2017,63,53,86,68,45,67,0.3,1
OL,Lucas Patrick,24,2016,76,62,84,81,78,72,0.3,1
RB,Devante Mays,23,2017,63,51,86,81,88,80,0.4,4
RB,Telvin Jones,23,2017,86,81,82,82,89,85,0.4,4
LB,Chris Odom,23,2017,64,49,85,77,80,70,0.3,3
CB,Lenzy Pipkins,24,2017,72,54,78,79,90,69,0.3,3
CB,Donatello Brown,26,2017,63,49,88,79,89,53,0.3,1
END_PLAYERS
######################################################################  VIKINGS
Minnesota Vikings,MIN
WR,Jack Beck,32,2007,85,90,74,92,77,75,5.1,3
S,Andrew Sendejo,30,2010,64,77,84,80,83,76,2.4,3
CB,Sean Rusnak,25,2014,78,87,86,87,87,72,2.2,1
OL,Chris Hale,30,2010,76,84,86,89,78,77,1.3,1
CB,Lee-Ron Borowick,23,2016,73,78,87,86,88,68,0.6,2
DL,Cam Cain,23,2017,75,80,84,97,97,82,3,3
DL,Tom Johnson,33,2011,61,78,80,80,81,75,1.4,1
LB,Emmanuel Lamur,28,2012,65,67,83,75,75,78,1.6,1
K,Steven Witchoskey,23,2016,93,89,85,93,94,59,1.5,2
K,Ethan Cox,28,2010,64,64,83,85,87,64,0.3,1
QB,Sam Mouhon,30,2010,76,86,85,90,84,50,10.8,1
CB,Davion May,26,2014,80,88,88,92,91,67,4.5,4
DL,Ramero Rock,25,2014,78,86,81,85,88,89,4.4,3
DL,Brian Robison,34,2007,50,83,90,79,80,82,2.2,2
CB,Bailey Sutton,21,2018,84,74,81,85,96,73,1.3,4
RB,Deontay Townsend,27,2013,80,84,82,85,92,88,3.4,3
WR,Cordell Boothe,28,2012,63,67,86,84,89,81,1.8,1
OL,Taron Hampton,24,2015,83,79,94,85,80,78,4.4,5
S,Creed Ruffolo,26,2013,85,87,89,92,93,79,6.6,4
WR,Aharown Bryan,26,2014,70,75,92,80,91,78,2.7,3
QB,Neiko Sawicki,23,2016,75,81,86,87,79,50,1.3,1
OL,Dace Dunlap,26,2014,78,79,84,85,74,78,4,5
OL,Danny Kulka,21,2018,82,80,85,90,84,92,0.6,4
LB,Ryan Rono,23,2017,89,85,84,97,94,89,4.1,3
DL,Yogi Colquitt,26,2014,77,73,87,85,85,78,2.5,2
QB,Rory Coppola,27,2011,89,95,94,96,78,71,12.5,2
RB,Jonya Boyd,24,2015,75,87,83,86,96,88,1.5,1
WR,Bandit McConnico,24,2016,84,82,86,94,84,80,3.5,2
OL,Jeremiah Sirles,26,2014,75,66,90,78,78,73,0.4,1
WR,Oday Hayes,23,2016,84,90,80,91,91,80,2.4,2
RB,Judah Bell,22,2018,98,88,79,98,94,90,4.5,4
DL,Danielle Hunter,23,2015,80,77,84,79,81,89,0.5,2
LB,Kage Hendrix,24,2016,86,84,83,83,82,85,1.1,2
CB,Trae Waynes,25,2015,81,76,88,86,94,59,3.1,2
OL,Nick Easton,25,2015,69,69,87,82,72,75,0.3,1
RB,Kenzie Phillips,25,2014,66,58,88,80,87,81,0.3,1
S,Anthony Harris,26,2015,80,70,83,83,87,57,0.3,1
WR,Cudjoe Young,22,2017,82,73,88,90,87,78,0.5,3
WR,Marcus Platt,23,2018,91,86,80,94,86,91,0.4,4
LB,Michael Lawson,24,2016,90,88,90,88,85,89,1.4,2
CB,Mackensie Alexander,24,2016,83,70,85,85,90,53,0.8,3
S,Jayron Kearse,23,2016,65,57,89,77,85,69,0.4,3
DL,Stephen Weatherly,23,2016,70,50,86,78,80,85,0.3,2
OL,Rashod Hill,25,2016,65,53,86,78,74,75,0.3,2
RB,CJ Ham,24,2016,70,66,85,77,83,82,0.3,2
RB,Micah Byrd-Brown,22,2017,74,77,86,87,90,89,1.4,3
WR,Stacy Coley,23,2017,64,56,81,83,91,75,0.4,4
OL,Aden Berger,26,2014,75,60,84,85,78,74,0.9,4
OL,Matt Kaskey,25,2015,73,74,91,88,74,72,0.7,1
QB,Kyle Green,23,2017,74,61,90,89,76,71,0.3,1
DL,Omari Thompkins,24,2016,75,62,89,82,84,83,0.6,4
DL,Tashawn Bower,22,2017,67,49,84,77,79,82,0.3,3
LB,Ben Gedeon,23,2017,79,67,93,78,81,78,0.5,4
LB,Eric Wilson,23,2017,69,50,87,81,81,79,0.3,3
OL,Aviante Collins,24,2017,72,49,84,86,74,72,0.3,3
END_PLAYERS
######################################################################  COWBOYS
Dallas Cowboys,DAL
K,Camron Milani,22,2018,87,92,84,90,97,82,0.6,4
OL,Ryan Evans,27,2011,86,97,87,89,78,85,6.5,5
DL,Ronan Monday,29,2011,95,90,85,96,93,95,9.5,1
WR,Dijon Profit,25,2013,89,88,89,97,92,89,10.8,3
LB,Masai Whyte,28,2012,79,97,85,95,88,84,5.6,3
WR,Jason Maginn,35,2003,56,97,94,93,77,72,1.6,5
CB,Chance Steverson,21,2017,98,81,83,99,97,74,3.6,3
OL,L. P. Ladouceur,36,2005,76,85,85,72,55,72,0.7,1
LB,Tyarise Stevenson,23,2016,79,76,88,83,76,82,1.2,2
K,Beau Magee,29,2011,71,71,84,92,95,71,2.4,4
RB,Darren McFadden,30,2008,66,72,77,80,89,78,0.6,1
OL,Jonathan Cooper,27,2013,69,69,79,88,77,73,1.5,1
OL,Mason Zandi,26,2013,96,95,96,92,88,88,6,6
K,Von Blanco,28,2011,70,69,81,93,92,69,1,1
WR,JaTaveon Mack,23,2016,84,80,88,92,85,79,3.3,2
OL,Rylee Penkalski,25,2014,83,74,84,91,74,75,3.3,4
DL,Malik Tackett,28,2012,79,86,82,91,90,84,5,4
LB,Kyle Wilber,28,2012,62,72,83,80,80,79,1.1,1
OL,Joe Looney,27,2012,67,66,86,82,78,72,0.5,1
RB,Koi Freeman,28,2011,68,80,93,87,87,82,1.3,1
WR,James Hanna,28,2012,72,78,79,75,87,74,2.1,2
WR,Milan Horne,28,2012,72,86,91,87,88,80,3.6,2
WR,Damari Cooley,25,2011,75,79,82,81,92,74,0.8,1
DL,Benson Mayowa,26,2013,76,73,81,70,76,86,2.3,2
S,Jeff Heath,26,2013,71,72,87,83,89,67,1.4,3
OL,Demon Taylor,24,2015,97,86,94,93,93,96,8.5,5
CB,Aidan Rosa,21,2018,97,84,87,95,95,75,0.4,4
LB,Anthony Hitchens,25,2014,78,80,92,81,82,83,0.6,1
DL,DeMarcus Lawrence,25,2014,84,84,86,79,82,88,1.2,1
RB,Lamar Woods,25,2014,80,76,83,86,77,71,0.4,1
WR,Dean DeBiase,23,2018,90,86,79,94,82,79,0.4,4
OL,Chaz Green,25,2015,82,73,81,76,73,76,0.5,2
OL,Kris Mock,27,2012,84,74,88,88,77,75,3.9,3
LB,Damien Wilson,24,2015,77,73,86,82,81,80,0.5,2
S,Zohn Berry,27,2013,96,97,89,91,90,96,9.5,2
DL,David Irving,24,2015,74,78,84,73,77,87,0.4,1
DL,Ben Tui,25,2015,96,86,85,94,86,95,4.5,1
RB,Kyler Day,27,2013,69,66,87,79,86,80,0.4,2
QB,Beau Dillon,24,2014,88,86,93,93,87,79,8.5,4
RB,Ka’ron Kreski,23,2016,88,86,92,87,94,94,3,2
DL,Charles Tapper,24,2016,73,57,90,80,85,86,0.5,3
DL,Alexy Wood,25,2015,82,76,87,84,86,86,2.7,1
LB,Stephen Bennett,26,2012,88,79,92,89,88,87,3.4,3
CB,Deondre Singleton,28,2011,85,77,90,87,95,63,4.4,3
S,Kavon Frazier,23,2016,75,63,91,82,86,78,0.4,3
LB,Justin March,24,2015,81,69,82,82,81,79,0.3,1
WR,Akia Smith,20,2017,86,76,84,86,97,90,0.4,3
WR,Lunior Marsh,22,2018,86,87,85,86,93,84,0.3,3
DL,Jango Maddox,23,2017,79,64,90,79,84,91,2.3,4
CB,Drewshawn Miller,24,2015,85,74,91,85,89,76,0.6,2
CB,Tijuan Quarles,22,2017,77,68,88,83,91,78,0.8,4
S,Xavier Woods,22,2017,76,68,89,82,89,73,0.4,4
WR,Emile Sides,25,2015,73,61,90,83,89,79,0.8,1
QB,Codie Brooks,24,2017,77,62,91,88,75,51,1.3,3
DL,Lewis Neal,22,2017,73,50,87,80,81,79,0.3,1
END_PLAYERS
######################################################################  GIANTS
New York Giants,NYG
RB,Shane Vereen,28,2011,74,80,87,79,88,81,3.2,1
CB,Lucien Foote,30,2009,75,91,82,93,93,54,5.4,2
WR,Dwayne Harris,30,2011,67,71,90,80,87,84,2.6,3
LB,JT Thomas,29,2011,61,69,85,79,75,78,2.3,1
OL,Bankston Czack,29,2012,74,83,74,88,75,73,2.5,3
WR,Michael Handy,29,2010,74,84,93,85,86,83,3.9,2
DL,Devondre Justice,28,2010,85,87,87,85,92,92,12.3,4
QB,Jude Guthrie,26,2013,78,86,97,84,88,73,17.5,3
OL,Ty-Kee McNeal,21,2018,84,80,89,89,94,88,0.7,4
DL,Harrison Strange,28,2012,95,88,85,96,93,98,8.5,4
DL,Corbin Bryant,29,2011,59,67,83,86,84,78,0.5,1
OL,Efren Koch,28,2011,97,85,87,97,93,99,9.7,2
OL,Nate Velichko,27,2012,83,86,87,88,82,73,4.7,3
LB,Mark Herzlich,30,2011,63,75,87,78,80,75,0.6,1
QB,Jmar Kravitz,25,2014,84,87,87,86,90,95,0.7,1
LB,Jonathan Casillas,30,2009,72,79,76,82,75,83,2,1
DL,Devin Taylor,28,2013,68,69,85,73,75,82,0.5,1
WR,Lamarcus Stewart,27,2013,71,64,85,77,89,81,0.4,1
CB,Veshone West,27,2013,84,89,91,91,91,77,5.7,4
DL,Olivier Vernon,27,2012,85,87,91,83,87,87,10.3,4
LB,Devon Wolf,27,2013,86,85,84,93,90,84,1.8,1
RB,Akile Shugars,29,2012,72,77,79,69,81,67,3.4,4
LB,Deontae Skinner,27,2014,69,62,86,77,73,74,0.4,1
CB,Damarko Connor,24,2015,71,76,89,87,90,66,1.1,1
OL,Kyle Zenon,26,2014,81,89,90,89,77,74,1,1
WR,Deion Hook,25,2014,96,86,90,97,94,85,9.1,4
DL,Jay Bromley,25,2014,72,69,85,85,83,80,0.5,1
LB,Connor Kamczyc,26,2014,94,78,83,96,94,79,7.5,4
S,Nat Berhe,26,2014,69,60,87,80,87,67,0.4,1
K,Ryan Kopec,28,2011,73,82,83,91,82,62,1.4,3
RB,John Beckley,21,2017,95,85,87,98,95,85,4,3
DL,Kerry Wynn,26,2014,75,65,85,86,85,79,1.1,1
OL,Bobby Hart,23,2015,80,78,85,84,74,72,0.4,2
OL,Forrest Cooper,23,2015,76,74,86,90,72,73,3.5,2
S,Tyreic Martin,23,2015,97,89,88,94,96,88,3.5,1
LB,Curtis Grant,25,2015,61,56,81,77,80,75,0.3,2
WR,Matt LaCosse,25,2015,63,54,85,75,82,69,0.3,1
OL,Clay Kuerschen,22,2018,81,79,83,89,87,90,0.3,4
DL,Kane Brenna,25,2014,75,58,78,94,88,71,0.3,1
RB,Theo Kearney,26,2013,74,78,84,82,89,83,0.4,3
WR,Torin Smith,24,2016,93,86,89,88,90,80,1.3,3
WR,Roger Lewis,24,2016,73,68,85,78,91,77,0.3,2
WR,Shawnte Holton,26,2014,84,79,83,77,84,70,0.8,3
CB,Orlando Jordan,23,2018,91,81,89,95,92,77,3.6,4
S,Darian Thompson,24,2016,80,71,87,82,86,77,0.6,3
LB,Marcus Smith,25,2014,83,67,87,85,88,79,0.5,3
S,Andrew Adams,24,2016,81,66,87,81,88,68,0.3,2
QB,Smiley Olson,22,2018,79,94,85,86,93,87,0.6,4
RB,Ayren Johnson,24,2015,88,77,88,89,94,89,5.5,4
WR,Sean Ragan,23,2017,76,71,85,83,90,85,2.5,4
OL,Chad Wheeler,23,2017,81,63,83,80,72,73,0.3,3
DL,KJ Grimes,28,2012,79,79,85,86,89,80,0.9,4
DL,Avery Moss,23,2017,67,53,84,77,81,88,0.4,4
K,Koen Alvarado,26,2013,73,53,76,89,80,53,0.3,2
LB,Calvin Munson,23,2017,68,62,87,82,83,74,0.3,3
END_PLAYERS
######################################################################  EAGLES
Philadelphia Eagles,PHI
S,Corey Graham,32,2007,67,77,89,83,87,79,1.2,1
RB,Deiontae Knight,29,2011,86,96,88,85,93,88,4.9,1
WR,Devin Silver,28,2011,75,78,91,90,84,79,3,3
OL,Jayme Kahlil,23,2018,96,90,92,95,98,84,1.9,4
OL,Ean Henessee,26,2015,76,86,82,85,98,76,0.5,1
DL,Victor Bell,28,2011,79,89,87,86,90,91,4.5,2
OL,Jayson Wetzel,28,2011,74,95,89,95,85,88,7.7,3
WR,Ry'mone Mosley,27,2012,74,86,87,85,75,71,3.2,2
OL,Micah Jarrett,25,2015,85,90,90,88,87,86,7.9,4
OL,Morian Kramer,26,2013,75,72,91,92,74,76,0.6,2
K,Donnie Jones,37,2004,56,64,81,85,81,64,0.9,2
DL,Chris Long,32,2008,68,77,89,86,83,83,1.3,2
WR,Halen Zobrest,27,2013,87,95,87,93,80,77,6,4
CB,Patrick Robinson,30,2010,73,82,84,86,88,68,0.5,1
S,Vohn Keith,30,2009,86,82,95,89,86,88,6.1,3
DL,Andre Burkley,22,2018,77,77,80,89,90,92,0.5,4
RB,Markus Gates,27,2013,70,74,89,75,92,83,0.4,1
DL,Taison Hyde,23,2016,86,85,88,89,94,90,3.5,2
WR,Seth Hill,26,2012,94,85,90,97,94,83,10.3,2
LB,Aaron Murillo,28,2011,83,86,85,93,90,91,5.3,3
DL,Vinny Curry,29,2012,70,75,86,81,82,85,6.9,4
OL,Destin Jeske,27,2013,75,86,83,95,82,86,6.1,4
QB,Holman Johnson,27,2013,67,71,84,90,77,45,3.1,2
LB,Deon Capps,28,2012,75,87,93,84,81,87,2.7,1
LB,Najee Goode,28,2012,60,65,85,74,75,77,0.6,1
S,Rodney McLeod,27,2012,76,81,88,86,85,73,5.1,4
S,Jaylen Watkins,26,2014,71,70,89,82,91,64,0.4,1
CB,Dexter McDougle,26,2014,62,57,79,81,91,61,0.4,2
DL,Kurt Viges,26,2013,78,86,84,86,88,84,2.9,5
OL,Aidan Lautanen,22,2018,82,82,88,90,83,94,0.4,4
DL,Beau Allen,26,2014,73,76,87,88,88,74,0.3,1
RB,Dandre Friedman,26,2014,75,76,92,74,86,82,1.6,1
RB,Zack Lebron,27,2011,97,84,81,93,96,99,10.4,2
WR,Taje Allen,24,2015,83,78,86,82,91,82,2.2,2
LB,Davion Sheppard,27,2013,89,86,81,96,92,86,4.5,3
CB,Veion Bailey,23,2015,88,81,81,90,93,79,1.9,1
OL,Rick Lovato,25,2015,67,59,87,72,51,69,0.3,1
QB,Tyriek Starks,24,2014,95,87,92,87,94,98,12.6,4
RB,Wendell Smallwood,23,2016,74,72,89,82,91,84,0.4,3
OL,Isaac Seumalo,24,2016,84,73,85,84,73,75,0.6,3
CB,Toki Adeosun,22,2017,82,76,85,85,90,87,0.4,3
OL,Halapouliva Vaitai,24,2016,77,67,89,82,74,73,0.4,3
LB,Kamu Hill,23,2016,61,49,91,78,78,79,0.4,3
LB,Joe Walker,25,2016,63,55,89,84,83,78,0.4,3
DL,Destiny Vaeao,23,2016,77,63,82,84,85,78,0.3,2
WR,Levonta Black,23,2018,88,81,84,91,86,79,0.3,4
RB,Corey Wilson,23,2017,76,59,85,85,87,84,0.3,3
DL,Derek Harper,21,2017,75,68,85,87,86,83,3,4
DL,Shyheim Cullen,27,2012,87,75,89,98,90,80,4.4,4
CB,Tijani Pierre,22,2016,77,66,82,82,90,78,1.3,2
CB,Rasul Douglas,24,2017,76,68,88,80,87,75,0.6,4
LB,Minh Dyer,26,2013,74,59,85,74,75,77,0.8,4
K,Justin Kovac,29,2010,87,78,78,97,86,58,0.4,4
WR,Shelton Gibson,22,2017,66,56,85,81,93,78,0.4,4
WR,Taylen Solo,26,2015,79,89,86,91,82,78,2.5,4
END_PLAYERS
######################################################################  REDSKINS
Washington Redskins,WAS
QB,Ryan McCormac,24,2016,75,78,92,86,83,64,2.2,2
OL,Shawn Lauvao,30,2010,76,80,87,86,75,73,3.1,1
LB,James Blake,24,2015,79,89,92,83,88,79,1.8,1
DL,Draeland Gibson,29,2011,74,68,77,88,88,80,1.5,1
RB,Camren Hobbs,26,2013,83,69,84,89,78,75,1.4,1
DL,Tonell Link,29,2011,74,77,77,89,88,78,2.9,4
LB,Tarik Hudson,22,2018,92,83,85,93,86,85,0.6,4
LB,Raffiel Reid,26,2014,76,85,88,85,82,78,1.9,1
WR,Barkley Zyks,27,2012,79,84,87,91,87,78,3.8,3
OL,EJ Mahoni,23,2017,78,77,80,84,82,77,0.4,1
DL,Jim James,25,2015,93,78,86,94,89,93,8.5,4
OL,Nick Sundberg,30,2009,65,65,79,69,67,64,0.7,4
OL,Efrain Faber,26,2012,95,95,89,95,95,93,9.2,4
S,Caleb Ferguson,24,2014,86,83,84,87,88,88,3.5,1
S,DJ Swearinger,26,2013,81,83,91,85,83,65,3.5,3
WR,Malachi Broadnax,23,2016,86,83,88,94,81,80,2.4,2
LB,Junior Galette,29,2010,71,81,80,78,80,78,0.5,1
WR,Kiki Hill,25,2013,92,84,83,94,96,87,8,4
DL,Ziggy Olson,30,2009,62,73,82,88,84,80,0.9,2
RB,TK Powell,25,2014,96,86,71,99,93,81,6.6,3
WR,Dereon Lara,28,2012,62,73,86,85,87,81,0.6,1
LB,Sammy Lambert,28,2012,91,95,83,97,94,89,7.7,1
QB,Jordan Becker,25,2014,79,84,90,92,85,71,8,1
CB,Rahil Casey,29,2012,77,95,94,90,88,77,10.8,4
DL,Keiwone Walters,22,2018,95,82,80,89,85,96,3.5,4
LB,Trent Murphy,27,2014,75,80,88,79,84,80,0.9,1
CB,CJ Cole,22,2018,75,78,85,86,89,77,0.6,4
OL,Broedy Rohr,25,2014,78,85,79,88,74,78,0.7,1
WR,Ryan Grant,27,2014,82,77,84,82,88,74,0.4,1
OL,Xander Blake,25,2014,79,86,84,89,87,74,5.2,5
LB,Will Compton,28,2013,62,74,88,82,81,81,1.1,1
K,Darrick Fiore,29,2011,82,90,83,94,94,60,1.1,4
WR,Cruz Foley,26,2015,83,84,89,87,91,80,1.5,2
OL,Alec Faber,26,2012,92,90,88,92,95,92,7.5,2
OL,TJ Clemmings,26,2015,74,72,88,85,73,71,0.5,2
LB,Preston Smith,25,2015,77,73,85,80,84,79,1.2,2
LB,Martrell Spaight,24,2015,79,73,84,85,84,80,0.4,2
QB,Sam Washington,23,2016,72,92,90,90,87,72,10,3
CB,Quinton Dunbar,25,2015,70,68,86,83,91,58,0.3,1
WR,Domo Taylor,23,2016,84,78,86,89,89,81,2.3,3
DL,D-Lon Decker,23,2016,88,73,89,93,89,94,0.3,2
CB,Kyvaunce Pearcey,22,2016,88,76,84,90,90,77,0.6,3
RB,Jean-Baptiste Jones,23,2016,93,82,88,98,92,86,3.8,2
DL,Anthony Lanier,24,2016,64,53,86,72,75,82,0.3,2
RB,Akili Jackson,24,2015,85,77,85,80,96,82,1.5,1
WR,Jeremy Sprinkle,23,2017,73,57,86,76,84,75,0.4,4
OL,Chase Roullier,24,2017,67,57,89,85,77,73,0.4,4
DL,Fazio McVey,22,2017,84,76,84,85,86,84,2.7,4
LB,Ryan Anderson,23,2017,73,65,88,83,86,74,1.1,4
CB,Datreon Gray,24,2015,68,64,85,85,94,74,0.6,4
LB,Josh Harvey,23,2017,73,62,85,79,77,77,0.4,4
K,Drake Elkins,23,2016,69,50,68,50,88,50,0.3,1
CB,Joshua Holsey,24,2017,75,53,83,79,90,68,0.4,4
S,Montae Nicholson,22,2017,84,69,83,83,92,68,0.5,4
OL,Tyler Catalina,24,2017,75,56,87,81,77,71,0.3,3
END_PLAYERS
######################################################################  FALCONS
Atlanta Falcons,ATL
OL,Ben Levine,24,2014,83,88,92,88,87,78,4.7,2
OL,Ross Trail,22,2018,82,78,89,88,82,90,0.4,4
OL,Cole Lefebvre,27,2014,87,97,94,91,98,88,6.8,4
DL,Avondre Farris,29,2010,81,76,87,92,91,77,0.5,1
WR,Jalen Grant,21,2017,74,79,88,79,93,81,1.4,1
WR,Coree Compton,27,2012,80,81,92,91,91,88,6,4
DL,Joneil Wilson,27,2013,76,79,84,84,85,85,3.3,1
DL,Brooks Reed,30,2011,73,79,88,76,83,89,3.2,3
K,Mark Czeisler,22,2017,76,69,88,92,88,69,1.8,3
LB,Sean Weatherspoon,30,2010,63,68,85,77,80,81,0.5,1
K,Abel Brady,32,2008,62,70,75,86,92,86,1.9,1
QB,Adam Beck,24,2014,95,90,96,98,91,72,15.8,2
CB,Calvin Cook,27,2013,88,92,87,92,92,85,9.5,4
CB,Vondell James,27,2013,88,77,83,90,93,61,6.9,4
CB,Blidi Wreh,28,2013,69,67,83,84,88,66,0.5,1
QB,Camden Makransky,25,2015,82,88,85,82,76,38,3.4,2
WR,Ceth Cofield,26,2013,79,79,80,78,76,66,3,3
DL,Dillon Vann,27,2012,92,89,92,95,94,92,8.1,1
DL,Courtney Upshaw,28,2012,69,71,93,81,84,84,0.8,1
WR,Rizonn Hendricks,28,2012,83,87,91,93,88,82,4.7,4
DL,Derrick Shelby,28,2012,64,72,84,82,82,83,3.4,3
OL,Josh Harris,28,2012,68,62,89,64,61,66,0.6,2
OL,Austin Pasztor,27,2012,69,75,85,83,75,82,0.5,1
RB,Marcos Jackson,27,2012,76,68,86,80,88,76,0.4,1
S,Kemal Ishmael,26,2013,77,73,85,82,85,77,1.5,1
LB,LaRoy Reynolds,27,2013,73,61,84,78,83,78,0.9,1
OL,Kole Mangen,27,2014,89,88,88,93,91,85,4.6,5
WR,BB Highshaw,25,2015,79,75,87,81,86,75,0.8,1
S,Ricardo Allen,26,2014,86,81,91,88,89,68,0.4,1
OL,Damien Streeter,25,2014,78,83,94,86,86,76,5,2
RB,Khris Francis,25,2013,89,88,91,91,94,93,6.1,5
WR,Gehrig Dieter,28,2012,86,84,79,86,95,78,1.6,1
RB,Tycen Mills,27,2012,83,83,85,87,94,89,0.6,2
WR,Justin Hardy,26,2015,68,69,89,84,87,83,0.5,2
OL,Teko Tuihalamahka,22,2018,94,86,85,95,83,92,0.7,4
DL,Demarien Hanna,26,2013,84,84,80,89,89,83,0.4,2
LB,DaiShon Beasley Jr,25,2015,75,83,84,78,84,88,3.5,2
CB,Tyrell Frazer,26,2013,80,76,82,87,90,70,3.1,2
RB,Jett McCoy,27,2013,74,68,87,82,87,85,0.3,1
CB,CJ Goodwin,27,2014,72,60,84,83,91,48,0.3,1
WR,Joeal Moss,23,2018,92,85,89,92,89,93,0.6,4
LB,Terez Hall,25,2013,90,85,84,88,92,86,4.9,3
S,Dejion Lynch,29,2009,97,86,91,85,90,99,8.5,3
LB,Aaron Borg,25,2015,79,83,88,83,81,85,0.5,1
OL,Wes Schweitzer,24,2016,69,65,88,81,75,72,0.4,3
WR,Devin Fuller,23,2016,66,55,86,74,93,72,0.4,3
CB,Brian Penman,25,2016,76,81,85,82,89,79,0.3,2
S,Sharrod Neasman,26,2016,59,52,86,77,83,71,0.3,1
WR,Eric Saubert,23,2017,76,55,88,75,83,77,0.4,4
OL,Colt Cribb,26,2013,76,62,86,86,80,76,0.5,4
S,N’Keal Sherard,24,2017,79,66,89,82,88,68,0.4,4
K,Kian Gallego,22,2018,86,90,85,91,92,84,2.4,4
LB,Leonidas Copeland,27,2013,98,96,87,97,94,94,9.7,4
WR,Marvin Hall,24,2016,62,50,88,70,92,78,0.3,1
LB,Jermaine Grace,24,2017,74,60,84,77,81,79,0.3,3
END_PLAYERS
######################################################################  PANTHERS
Carolina Panthers,CAR
DL,Chaim Johns,26,2014,73,84,89,82,85,88,3.1,1
WR,Tameron Bick,23,2016,86,77,92,96,85,78,1.9,2
S,Trejean Moffit,25,2014,75,71,89,85,84,73,0.5,1
S,Jhavonte Rowland,22,2018,90,86,84,88,86,92,1.5,4
QB,Jacoby Jones,22,2017,91,88,97,90,93,96,15.1,4
QB,Daimion Judd,28,2011,71,85,91,85,84,38,6.9,1
S,Colin Jones,30,2011,63,62,82,82,90,68,0.7,2
LB,Andrew Gachkar,29,2011,63,71,83,83,77,77,0.5,1
S,Kurt Coleman,29,2010,77,84,87,84,85,69,3.5,2
OL,JJ Jansen,31,2008,71,76,85,71,56,66,0.7,4
DL,Mario Addison,30,2011,72,86,85,76,80,84,6.1,3
CB,Zyrell Nimmo,27,2013,70,74,86,85,89,72,3.5,4
LB,Lawley Wolfe,27,2012,45,88,90,90,84,85,8.1,2
OL,Lawson Cook,25,2015,82,90,90,89,81,76,6.8,1
DL,Charles Johnson,31,2007,74,86,86,82,83,84,2.4,2
RB,Clévon Black,25,2013,87,88,85,87,92,90,4.4,2
DL,Kyle Love,31,2010,75,79,80,85,86,76,0.7,2
OL,Greg Van Roten,27,2012,72,63,86,84,80,76,0.4,1
LB,Ben Jacobs,29,2011,68,68,89,78,76,75,0.5,1
DL,Josh Neumann,23,2016,92,82,88,90,92,95,2.8,2
WR,Jayd Okoronkwo,22,2018,86,86,87,91,86,93,1.6,4
DL,Neko Mbah,25,2014,75,89,84,87,90,85,2.5,3
K,Austin Daulton,27,2012,72,56,80,97,85,56,2.3,1
OL,Matt Kalil,28,2012,70,78,90,89,73,73,8.1,5
LB,Zyrell Dickerson,26,2012,90,96,96,97,93,90,10,5
OL,Amini Silatolu,29,2012,66,69,87,87,75,75,0.6,1
RB,Trumaine Burkley,23,2018,71,78,82,92,81,79,0.7,4
LB,Dandrae Pepper,25,2014,75,79,88,89,87,79,1.5,2
WR,Jaxen Hashley,22,2017,87,84,87,91,85,81,2.4,3
OL,Will James,24,2014,90,87,87,88,89,79,3.4,4
QB,Garrett Gilbert,26,2014,58,47,84,85,71,55,0.3,1
WR,Brenton Bersin,27,2012,72,72,86,82,85,76,0.4,1
OL,Josh Schroeder,26,2014,78,89,88,87,80,88,1.6,1
RB,JQ Merriel,28,2013,69,48,87,84,88,81,0.4,2
WR,Jakai Gill,25,2014,87,85,86,91,91,83,4.2,2
WR,Keshawn Norton,27,2013,77,58,81,73,91,75,0.3,1
OL,Jake Daughtery,25,2015,83,75,85,87,81,79,0.5,2
LB,David Mayo,24,2015,70,65,81,85,83,76,0.4,2
LB,Tyrece McSwain,23,2015,83,79,89,87,84,84,2,2
CB,Zane Millard,26,2014,78,68,86,82,88,77,0.3,1
WR,RJ Nelson,24,2015,84,73,85,74,78,73,3.3,1
K,Aaron Zawacki,25,2014,78,77,78,91,78,57,0.3,1
OL,Brian Brown,24,2015,70,69,88,93,82,74,0.3,1
OL,John Theus,23,2016,78,62,90,73,74,73,0.4,3
DL,Pheonte Mann,28,2011,76,71,87,83,86,88,1.9,3
LB,Jared Norris,24,2016,70,50,88,78,80,73,0.3,2
CB,Daryl Worley,22,2016,73,75,89,83,86,70,0.6,3
CB,Kevon Seymour,24,2016,66,53,80,81,93,60,0.4,3
CB,Ja’Len James,23,2016,87,89,88,86,91,77,1.8,2
RB,Jack Dawson,23,2016,88,88,87,91,85,84,4.2,2
WR,Neko Morris,26,2013,83,69,86,80,95,77,1.4,4
DL,Bryan Cox Jr.,23,2017,74,51,82,81,84,83,0.3,3
OL,Taylor Moton,23,2017,75,65,94,87,83,80,0.8,4
DL,Daeshon Hall,22,2017,65,58,88,76,79,86,0.6,4
RB,Charlie James,28,2012,71,59,93,76,82,75,1.4,4
END_PLAYERS
######################################################################  SAINTS
New Orleans Saints,NO
RB,Sonny Jones,25,2014,74,88,89,87,87,87,2.9,2
DL,Dylan Pack,26,2012,95,90,92,94,94,94,8.5,4
DL,Ukeme Reed,29,2011,83,79,88,88,89,84,5.4,4
S,Rafael Bush,30,2010,64,77,83,84,87,66,0.6,1
WR,Ryan Bohanna,23,2018,97,88,81,92,98,84,2.8,4
S,Raiden Rivas,26,2013,88,81,93,91,94,76,2.6,1
WR,Michael Hoomanawanui,29,2010,65,78,82,79,77,64,1.1,2
LB,Kinan Singletary,26,2013,85,80,88,86,81,80,3.7,2
OL,Taison Manu,21,2017,74,84,92,89,74,81,6.3,4
QB,Aaron Ali,23,2015,86,79,96,98,81,83,4.5,1
OL,Seth Fuller,28,2011,81,89,89,89,84,75,3.1,2
QB,Kyron Durst,26,2013,63,70,93,85,76,57,2.5,1
K,Nico Holbrook,31,2009,74,88,89,94,94,68,2.6,2
OL,Ryan Butler,27,2012,87,89,83,88,83,94,9.1,5
OL,Jak Morgan,22,2018,84,83,90,93,83,94,5.3,4
DL,Matt Salazar,26,2013,85,78,92,76,77,81,2.8,1
LB,Joey Laufenberg,26,2013,98,79,88,96,97,84,9.5,2
LB,AJ Klein,26,2013,72,76,91,84,79,78,4.2,4
LB,Tyler Voyles,24,2015,81,78,86,86,80,78,1.2,2
WR,Jon Kanda,28,2012,84,82,84,88,93,78,4.6,4
OL,Brandyn Whiteside,26,2013,74,69,87,88,72,77,0.5,1
DL,John Hughes III,29,2012,69,70,83,85,86,78,0.5,1
OL,Senio Kelemete,27,2012,72,73,85,86,73,78,0.9,1
OL,Bryce Harris,28,2012,74,65,86,82,82,75,0.5,1
LB,Michael Mauti,27,2013,80,72,80,86,85,74,0.5,1
RB,Ajani Kagawa,21,2018,87,78,90,86,97,96,0.5,4
S,Chris Williams,27,2013,75,62,84,83,88,63,0.9,2
WR,DeAnte Ward,23,2016,80,74,82,88,83,74,1.9,2
WR,Brandon Bourk,21,2017,78,77,83,87,87,78,0.3,1
OL,Andrus Peat,24,2015,78,78,81,86,80,72,2.7,2
DL,Barclay Miller,25,2015,75,76,81,91,86,77,1.4,1
LB,Hau'oli Kikaha,25,2015,79,73,79,75,78,79,1.1,2
CB,Kristian Fulton,24,2015,81,65,88,83,90,81,1.6,1
CB,Kamrin Moore,25,2014,88,77,82,86,90,75,3.3,3
WR,Willie Snead,25,2014,85,85,86,86,89,74,0.4,1
RB,Chris Urban,27,2012,74,84,82,75,90,84,2.4,3
WR,Delashaun Merritt,23,2016,90,89,88,92,89,80,1.1,3
DL,Sheldon Rankins,23,2016,80,74,89,86,87,86,3,3
S,Vonn Bell,23,2016,86,73,87,82,88,76,0.8,3
DL,David Onyemata,25,2016,77,73,86,89,87,83,0.5,3
CB,De'vante Harris,24,2016,70,58,85,82,88,62,0.3,2
CB,Ken Crawley,24,2016,83,74,88,85,91,67,0.3,2
WR,Therran Coleman,25,2016,77,76,84,78,91,76,0.3,1
K,Donovan O’Neil,23,2016,68,60,78,96,88,60,0.3,2
RB,Sean Tuohy,26,2011,98,92,84,98,90,84,7.7,4
OL,Hunter Townson,25,2014,84,75,91,88,78,78,2,4
DL,Al-Quadin Muhammad,22,2017,76,56,86,78,79,85,0.4,4
DL,Trey Hendrickson,23,2017,77,58,88,79,82,88,0.6,4
LB,Keenen Wade,23,2017,70,67,79,82,81,78,0.6,4
CB,Jayson Brito,27,2012,87,73,79,88,94,78,3.7,4
S,Marcus Williams,21,2017,79,72,89,86,87,76,1.3,4
OL,Zach Wood,24,2016,70,51,83,75,53,61,0.3,2
WR,Behr Cooper,26,2013,79,77,87,81,86,83,2.3,3
QB,Will Cruise,23,2018,77,87,84,90,89,78,0.3,4
RB,Ty Queen,29,2009,73,82,82,77,90,81,2.3,3
END_PLAYERS
######################################################################  BUCCANEERS
Tampa Bay Buccaneers,TB
DL,Luther Gibbs,35,2004,74,84,84,97,87,82,1.8,1
QB,Rob Carino,23,2018,89,84,86,97,85,82,2.8,4
OL,Garrison Sanborn,32,2009,64,64,84,77,66,64,0.6,1
DL,Robert Ayers,32,2009,75,83,82,78,82,84,3.9,2
S,TJ Ward,31,2010,73,81,93,84,87,75,4.1,1
DL,Jimarcus Trumble,26,2013,88,73,86,98,90,88,6,5
RB,Ja’Mario Ward,22,2018,86,79,88,94,87,83,1,4
RB,Cazz Martin,24,2015,81,78,87,94,87,88,4.5,1
DL,Duron Lowe,23,2016,86,85,81,90,89,81,3.1,2
S,Chris Conte,28,2011,74,81,87,83,86,63,1.5,2
DL,Darryl Tapp,33,2006,45,75,87,71,77,82,0.6,1
WR,Emoree Giddens,22,2017,92,83,84,92,97,84,4,3
OL,Lemuel Couchman,25,2014,87,84,88,89,77,76,1.7,2
CB,Kaelan Riley,26,2013,66,90,85,90,87,68,4,1
OL,Stephaun Carter,24,2015,89,83,87,86,87,93,2.5,2
CB,Ezequiel Ashton,26,2013,64,71,84,84,87,66,0.5,1
DL,Cameron Hardy,25,2011,71,72,82,88,90,77,0.8,1
DL,William Gholston,26,2013,77,80,82,77,83,84,3.3,5
OL,Drake Darden,24,2015,69,78,84,85,77,77,2.1,1
RB,Brady Defoe,28,2012,79,83,89,81,94,92,4.3,4
LB,Makai Hinton,27,2012,89,88,95,89,84,88,3.5,4
S,Josh Robinson,26,2012,80,69,84,86,92,55,1.6,2
K,Josh McGlothlin,23,2016,88,86,90,95,94,70,2,5
S,Keith Tandy,28,2012,73,76,91,85,87,69,0.6,1
OL,JR Sweezy,28,2012,73,78,83,84,73,79,3.6,4
QB,Zack Hoff,24,2015,69,74,85,94,76,49,2.5,2
DL,Cage McDonald,22,2018,77,70,85,91,84,94,0.4,4
WR,Sam Thomas,21,2017,85,89,91,88,88,83,1.7,3
RB,Tymar Sutton,23,2016,77,81,86,81,89,82,0.6,2
OL,Kevin Pamphile,27,2014,80,74,84,82,74,75,0.6,1
K,Tripp Cannon,28,2012,60,48,78,92,80,48,0.3,1
WR,Takulve Williams,24,2015,84,84,85,87,80,70,1.4,1
LB,Durrell Tomlinson,22,2018,88,81,85,94,87,80,0.4,4
QB,Deighryon Tabb,25,2014,82,85,96,86,88,85,6.3,2
OL,Calin Criner,24,2015,90,87,86,88,81,77,0.7,2
OL,Kanaan Brock,25,2014,89,78,82,88,73,75,1.3,2
DL,Ryan Russell,25,2015,69,66,77,78,76,84,0.4,1
LB,Kamari Rivers,26,2013,84,84,85,86,88,85,3.5,2
LB,Cameron Lynch,24,2015,74,58,88,76,82,75,0.3,1
WR,Desharious Hight,24,2016,79,86,82,88,88,75,0.4,2
WR,Travius Harris,25,2013,73,76,84,78,89,79,0.4,1
WR,Jamahl Scott,23,2016,77,81,84,80,88,75,0.3,2
OL,Caleb Benenoch,23,2016,71,64,83,78,78,72,0.4,3
DL,Noah Spence,23,2016,81,71,85,80,81,88,1.3,3
CB,C’yontai Lawson,22,2016,76,68,88,86,90,79,3.4,2
CB,Ryan Smith,24,2016,71,58,85,81,90,63,0.5,3
LB,Devante Bond,24,2016,75,63,84,74,77,78,0.4,3
OL,Leonard Wester,24,2016,61,48,84,79,72,76,0.3,2
CB,Javien Elliott,24,2016,67,61,85,79,86,74,0.3,1
RB,Chidozie Mbah,23,2016,81,66,86,83,90,81,0.3,2
WR,LJ Henderson,23,2017,71,68,94,82,87,80,2.6,4
WR,Tyler Vreen,21,2017,80,75,94,82,91,84,0.6,4
LB,Vondell Keaton,27,2013,84,78,83,87,88,79,0.6,4
S,Tavis Malakius,24,2017,90,82,89,84,87,92,1.5,3
WR,Antony Auclair,24,2017,65,53,88,71,76,77,0.3,3
END_PLAYERS
######################################################################  CARDINALS
Arizona Cardinals,ARZ
WR,Devontae Geer,27,2013,73,79,88,86,81,80,2.2,4
QB,Owen Rosenberger,23,2016,84,89,92,93,86,67,3.2,2
DL,Joey Hale,34,2006,73,82,84,80,86,83,2.7,1
OL,Justin Drescher,29,2010,76,75,86,74,52,69,0.5,1
K,Cole Rosling,23,2016,88,85,78,92,93,65,2.1,2
QB,Jack Davenport,28,2011,79,74,89,88,75,63,0.5,1
WR,Dylan Kasl,23,2016,93,96,96,97,84,79,2,2
S,Antoine Bethea,33,2006,73,80,86,84,86,74,2.9,3
CB,Cooper Cook,23,2016,76,88,93,90,90,71,3.5,2
LB,Jaidyn Ward,22,2017,95,81,88,90,93,90,1.2,3
DL,Ramon Nixon,29,2010,75,86,82,88,90,83,2.2,1
OL,Daquan Patten,26,2013,85,79,89,92,86,72,5.5,3
K,Chad Kanow,25,2014,77,62,81,96,84,62,2.3,2
OL,Dayami Carrillo,25,2013,75,77,84,90,74,77,0.5,1
QB,Hunter Eskola,24,2016,70,74,86,89,76,50,2.5,1
CB,Tramon Williams,34,2006,38,75,90,85,84,59,1.5,1
OL,Khalique Washington,25,2014,95,82,88,97,94,79,5.1,2
S,Takota Anderson,22,2017,96,88,87,93,90,88,3,3
LB,Josh Bynes,28,2011,73,79,84,85,83,76,0.5,1
S,Tyrann Mathieu,25,2013,84,85,85,89,90,74,9.3,5
OL,Earl Watford,27,2013,80,76,90,85,73,70,0.5,1
RB,Elcee Benton,27,2012,76,84,90,85,87,86,1.3,2
OL,Turner Owens,28,2011,81,86,88,87,74,72,1.3,2
RB,Stephen Viegas,24,2015,73,74,82,90,74,78,0.6,1
LB,Tyco Louderback,23,2016,85,90,87,84,86,85,1.3,2
CB,Quandarius Burley,26,2014,74,72,87,88,87,74,2.2,1
WR,Brittan Golden,29,2012,69,68,84,78,88,75,0.4,1
RB,Chanson Akiona,21,2017,78,72,86,81,89,83,0.3,3
WR,Keshaun McGaugh,24,2015,80,79,84,88,91,81,0.8,1
LB,Kareem Martin,25,2014,65,60,84,81,83,76,0.5,1
LB,Evan Suggs,25,2014,89,83,90,92,93,86,2.6,2
WR,Josey Novil,21,2018,77,83,85,88,97,91,0.8,4
WR,Kivon Ellis,24,2015,77,81,82,88,94,83,1.7,1
OL,John Wetzel,26,2013,75,67,83,86,79,71,0.3,1
DL,Baron Vaughn,26,2014,78,74,90,85,85,78,2.7,2
RB,Damarion Fisher,26,2015,85,87,91,84,92,90,2.5,1
WR,Zach Pfeifer,27,2013,72,78,77,84,83,75,0.4,2
OL,JB Jones,24,2015,76,68,86,88,81,73,2,1
DL,Cyrus Lynch,23,2018,80,88,81,90,90,87,0.5,4
LB,Markus Golden,26,2015,81,85,86,79,77,79,0.7,2
DL,Jomez Zo,22,2018,80,76,82,87,85,90,0.3,4
DL,Xavier Williams,25,2015,70,68,86,83,82,77,0.3,1
RB,Zoey Hood,21,2018,93,88,85,78,97,95,0.4,4
OL,Max Tuerk,23,2016,68,62,86,79,81,77,0.7,3
OL,Evan Boehm,24,2016,86,75,90,83,77,72,0.5,2
DL,Che’kore Moore,23,2016,75,69,86,81,83,89,2,2
LB,Sean Desi,23,2016,82,72,83,79,81,79,0.3,1
CB,Jamarco Callahan,25,2016,70,60,90,82,93,62,0.6,2
RB,Elijhaa Penny,24,2016,78,62,80,81,81,82,0.3,1
S,Connor Slayton,21,2017,73,65,89,82,91,72,1.5,3
OL,Will Holden,24,2017,73,59,86,85,77,72,0.4,3
LB,Jylton VanZandt,23,2017,76,71,88,80,83,84,3.2,3
S,Rudy Ford,23,2017,77,57,87,80,92,74,0.4,4
RB,Kaieem Witherspoon,22,2017,68,48,84,70,83,71,0.3,3
WR,Ryan Curtis,28,2011,66,55,87,84,90,80,0.6,4
END_PLAYERS
######################################################################  RAMS
Los Angeles Rams,LAR
OL,Christian Caviness,24,2015,87,88,90,94,86,85,3.7,2
LB,Markeith Watson,27,2011,82,83,87,80,87,83,2.4,3
DL,Jay Houston,22,2018,97,88,80,96,87,98,0.5,4
WR,Tavon Austin,26,2013,79,77,87,77,95,82,6.1,5
OL,Jaxon Kroll,27,2012,73,80,80,84,85,72,4.4,2
LB,Chancellor Mimms,27,2012,79,80,87,86,81,84,2.4,1
WR,Halen Miley,23,2017,87,81,90,94,85,82,3,2
OL,Jake McQuaide,30,2011,77,65,82,72,50,62,0.6,1
CB,Haki Woods,23,2015,92,76,91,93,87,82,2.3,2
LB,Tario Combes,21,2018,85,80,91,93,83,83,2.1,4
OL,Voshon Waiters,28,2011,76,83,92,86,77,75,0.7,1
LB,Wilton Romo,30,2010,70,78,86,83,81,83,4.5,4
DL,Azur Kamara,23,2016,87,86,88,87,91,87,2.9,2
CB,Jawon Johnson,21,2017,85,85,83,88,88,79,2.5,3
K,Zac Denton,27,2012,64,63,83,95,89,63,1.5,3
K,Elijah Vuckovic,22,2017,86,87,85,90,98,70,1.9,4
RB,Shun Conway,25,2014,71,74,79,77,91,83,0.9,1
WR,Faustino Byars,27,2012,74,70,83,77,87,77,0.6,1
CB,Kyle McDonald,25,2013,83,82,87,87,89,85,0.6,1
S,Zykiesis McAllister,23,2016,88,78,84,92,90,90,1.9,2
WR,Jordan McMillin,21,2017,97,84,89,92,97,88,3.4,3
DL,Demarcus Vickers,28,2011,75,79,77,83,84,82,1.1,1
S,Lamarcus Joyner,27,2014,84,83,88,87,88,69,1,1
DL,Rechensky Joseph,24,2015,87,90,92,95,96,93,2.9,1
OL,Cornelius Lucas,26,2014,73,70,80,75,77,75,0.4,1
DL,Ethan Westbrooks,27,2014,74,76,82,82,80,80,1.1,1
QB,Sean Mannion,25,2015,63,56,87,88,74,50,0.6,2
RB,Romario Johnson,21,2017,93,87,86,88,95,94,3.3,3
OL,Andrew Donnal,25,2015,66,67,84,77,75,74,0.5,2
OL,Demyan Ross,24,2015,74,75,82,87,82,71,0.6,2
OL,Ben Reese,25,2015,75,85,85,84,87,73,0.8,2
LB,Bryce Hager,25,2015,66,65,83,83,84,78,0.4,2
CB,Troy Hill,26,2015,66,64,87,84,87,60,0.3,1
LB,Matt Longacre,26,2015,69,66,86,73,77,77,0.4,1
OL,Darrell Williams,24,2015,76,57,83,75,77,78,0.3,1
RB,Akevious Williams,24,2015,86,78,85,87,89,83,0.5,1
QB,Christian Leota,22,2017,89,81,91,97,84,64,2.5,3
QB,Evan Day,22,2017,86,81,83,88,88,84,3,3
WR,Taion Dunn,23,2016,81,81,86,78,87,72,0.5,2
RB,Jakobe Cole,24,2016,79,75,88,75,80,78,0.5,2
S,Marqui Christian,23,2016,70,56,87,79,88,74,0.4,3
S,Blake Countess,24,2016,72,49,84,79,88,57,0.3,2
WR,Scott Matiaha,22,2017,84,85,89,82,92,78,0.4,3
OL,Seth Jordahl,22,2018,76,79,94,91,86,92,0.4,4
LB,Cory Littleton,24,2016,73,63,83,69,72,77,0.3,2
DL,Therman Kelly,23,2016,79,65,89,84,86,84,0.3,1
WR,D’Andre Ware,22,2018,89,83,86,95,85,87,1.3,4
WR,Kaelin DeBoskie,24,2016,76,75,89,87,87,81,0.7,4
DL,Tanzel Smart,23,2017,72,68,83,81,81,77,0.4,4
LB,Ejuan Price,24,2017,68,60,80,78,81,75,0.4,4
S,Markeece Johnson,22,2017,72,67,90,84,85,74,0.6,4
WR,Josh Reynolds,22,2017,77,65,86,85,88,75,0.6,4
LB,Alex Zio,22,2017,74,62,89,81,85,81,0.5,3
RB,Justin Davis,22,2017,73,52,85,75,88,83,0.3,3
CB,Dominique Hatfield,23,2017,72,53,85,77,85,63,0.3,3
END_PLAYERS
######################################################################  SEAHAWKS
Seattle Seahawks,SEA
DL,Taaron Timmons,27,2013,92,84,88,92,96,89,6.8,4
CB,Kainoa Fauntanu,21,2017,84,91,96,94,90,86,2.5,3
DL,Dwight Freeney,37,2002,71,76,80,73,75,83,0.6,1
LB,Nathan Niehaus,26,2013,91,88,90,92,93,91,5.8,2
CB,Neiko Thorpe,27,2012,61,54,87,81,90,67,1.2,2
DL,Cliff Avril,31,2008,69,87,89,76,77,86,4.5,2
OL,Luke Joeckel,26,2013,79,72,86,87,74,74,6.9,1
DL,Dion Jordan,27,2013,73,61,81,66,77,91,0.4,1
DL,Ruchell Jack,22,2017,90,78,86,91,94,89,3,3
RB,Ezekiel Magee,32,2007,78,77,90,85,86,88,3.4,1
WR,Darian Wickline,31,2010,77,86,86,86,85,80,6,1
S,Malachi Timberlake,23,2016,93,91,91,92,92,92,3.6,2
DL,Geno Drake,22,2018,92,84,94,95,88,91,1.5,4
K,Johnie Pulen,27,2012,66,64,82,89,82,64,1.9,3
OL,Cam Keizur,27,2011,98,92,90,97,95,91,9.2,2
OL,Oday Aboushi,26,2013,84,78,90,78,73,73,0.7,1
WR,Shakeenen West,23,2016,88,90,88,94,94,83,3.3,2
WR,Jair Floyd,27,2013,80,74,82,82,87,75,1.6,1
LB,Ray-Ray Smith,24,2014,98,90,90,97,91,94,8.6,3
QB,Sammy Tebow,26,2012,90,84,97,93,85,89,14.2,3
LB,Vaughn Nowak,31,2011,89,96,87,93,87,89,5.2,1
CB,Jeremy Lane,27,2012,80,76,85,87,88,68,4.2,3
K,Jason Cuccia,27,2012,74,52,86,96,81,52,0.7,1
QB,Austin Davis,28,2012,63,66,87,85,77,63,0.5,1
CB,Thyrique McGhee,25,2013,83,82,85,86,87,83,3.8,2
OL,Matt Tobin,27,2013,66,67,85,79,75,73,0.5,1
LB,Terence Garvin,26,2013,70,64,86,78,76,76,0.5,1
S,Brad McDougald,27,2013,74,81,86,85,88,72,1.5,1
OL,Finn Nowakowski,26,2012,93,90,84,87,88,89,5,4
WR,Ajay Williams,24,2015,83,79,83,85,97,79,1,1
LB,Marcus Smith,25,2014,70,69,85,76,79,78,0.4,1
WR,Roman Clark,28,2010,87,84,83,97,87,82,5.6,2
OL,Kevin Franko,25,2015,72,69,89,91,73,70,0.4,2
DL,Douglass Toney,29,2010,88,78,80,88,80,82,0.7,2
LB,DJ Alexander,26,2015,73,65,79,78,75,80,0.4,2
CB,Justin Coleman,24,2015,77,71,86,85,88,67,0.4,1
RB,Z Oakley,26,2013,95,86,84,98,90,82,5.5,1
DL,Garrison Smith,26,2014,70,59,86,86,85,76,0.3,1
OL,Sawyer Makowski,21,2018,78,73,84,91,82,88,0.3,4
RB,Clarence Blake,23,2016,79,78,84,80,90,84,0.6,2
RB,Jordan Graves,22,2018,90,83,84,78,93,95,0.6,4
OL,Germain Ifedi,23,2016,75,77,86,82,72,76,1.9,3
DL,Dauntay Glover,30,2009,76,72,87,90,92,83,1,3
LB,Josh Forrest,25,2016,74,58,90,69,70,76,0.3,1
DL,Quinton Jefferson,24,2016,67,51,84,79,81,84,0.4,3
WR,Teo Keane,25,2013,82,82,87,84,91,86,3.3,2
RB,JD Leone,24,2016,76,65,86,69,88,79,0.3,1
WR,Jekeil Butler,27,2012,78,75,88,82,91,80,0.6,4
DL,Nazair Jones,23,2017,85,70,83,87,86,80,0.6,4
OL,Caleb Cross,27,2012,83,69,88,85,83,76,2.9,4
CB,Tyrone Woodley,28,2011,77,68,88,85,92,78,0.6,4
CB,Diego Zook,30,2009,88,94,76,96,80,91,7.5,1
S,Tedric Thompson,22,2017,82,65,85,81,86,71,0.6,4
RB,Javohn Colton,24,2015,81,77,82,88,86,84,0.8,1
OL,Raekwon Cotto,24,2015,94,81,84,94,95,90,0.3,1
END_PLAYERS
######################################################################  49ERS
San Francisco 49ers,SF
K,Jody Young,30,2008,89,89,80,94,95,59,2.3,2
CB,Chris Holloway,26,2012,82,79,89,88,87,81,4.6,3
OL,Corey Teo,22,2018,95,81,90,96,94,79,2.5,4
DL,J Caden,33,2006,59,79,85,78,81,84,2.7,2
LB,Dekoda Watson,29,2010,66,64,80,73,72,80,1.2,3
WR,Aldrick Robinson,29,2011,68,75,83,79,92,78,1.3,2
OL,Ross Timko,26,2015,82,73,80,95,85,73,1.3,1
WR,Nakevion Zanders,25,2015,92,90,87,95,97,88,1.1,1
LB,Leon Barkley,28,2011,76,81,83,82,81,84,4,5
DL,Tony McDaniel,32,2006,68,79,79,88,89,77,0.6,1
OL,Wolfgang Haney,25,2014,76,79,86,89,72,74,3.1,1
OL,Lukayus McNeil,27,2012,77,86,90,92,83,78,4.8,3
DL,Leger Douzable,31,2008,66,79,81,83,86,78,0.5,1
S,Eric Reid,26,2013,84,78,87,87,88,67,2.4,1
DL,Datone Jones,27,2013,72,76,84,81,79,82,0.5,1
DL,Shaakr Smith,23,2016,88,83,82,96,93,91,2.3,2
OL,Kyle Nelson,31,2011,73,66,84,68,52,62,0.7,2
WR,Jamie Gray,23,2016,77,78,82,81,95,75,2.5,2
DL,Earl Mitchell,30,2010,63,71,83,80,82,84,2.8,4
RB,Donte Brink,26,2013,80,85,91,86,82,79,1.9,4
WR,Branden Kozlowski,26,2014,73,86,80,78,80,72,1.9,3
LB,Lazarro Macklin,28,2011,80,74,84,81,76,80,1.1,2
CB,Cre Moore,24,2015,71,89,84,93,91,78,0.9,1
RB,Theo Vick,22,2017,94,80,87,84,93,97,3.7,3
QB,Grady Stokes,26,2014,97,94,92,88,97,95,15,2
S,Ezequiel Davies,29,2009,96,98,90,94,87,98,10.4,2
DL,Aaron Lynch,24,2014,79,75,81,76,80,86,0.6,1
CB,Junie Stewart,26,2014,77,67,87,84,88,68,0.4,1
LB,Brock Coyle,27,2014,73,69,90,79,81,81,1.1,1
OL,Coleman Flynn,25,2015,74,74,86,87,74,73,2,2
OL,Erick Kroening,28,2011,87,89,80,91,86,95,6.4,2
DL,Arik Armstead,24,2015,83,77,82,85,88,85,2.3,2
LB,Eli Harold,23,2015,73,66,86,77,81,80,0.6,2
CB,Roshawn Donald,22,2018,87,81,89,92,89,76,1,4
K,Noah Kofskey,28,2011,70,55,81,91,76,55,0.4,2
RB,Keshawn Ledet,25,2015,75,62,86,71,93,79,0.3,1
OL,Joshua Garnett,23,2016,86,76,88,84,74,72,2.1,3
DL,Amado Thiessen,23,2016,79,86,91,86,89,89,1.4,2
DL,Ronald Blair,24,2016,64,55,87,84,84,85,0.4,3
S,Dexter McCoil,26,2015,73,61,90,79,86,68,0.3,2
QB,Dakota Morgan,23,2015,77,75,86,82,87,90,1.6,1
OL,Erik Magnuson,23,2017,76,62,81,81,75,75,0.3,3
DL,Quinn Alo,25,2014,96,78,92,99,96,91,8.5,4
LB,Dante Hutchens,26,2014,83,72,82,85,88,81,2.1,4
LB,Elijah Lee,21,2017,75,57,90,80,77,78,0.4,4
CB,Jadan Bell,21,2018,77,79,84,86,97,75,0.7,4
S,Adrian Colbert,24,2017,64,57,86,78,89,60,0.4,4
DL,LeShawn Ward,25,2014,79,88,89,89,85,83,0.4,4
LB,Cain Boosie,21,2018,86,69,89,93,93,79,0.4,4
WR,Efren Zearing,27,2012,80,73,85,82,87,74,1.4,4
WR,Jagger Hall,25,2014,83,83,88,89,97,92,6.4,4
WR,Kolby Williams,22,2017,74,76,81,77,89,79,0.3,3
RB,Teion Moore,26,2013,76,78,85,82,93,86,1.3,3
WR,Victor Bolden Jr.,22,2017,71,54,87,78,90,75,0.3,3
OL,Darrell Williams,24,2017,67,53,86,78,74,75,0.3,1
END_PLAYERS

